1.386415597261567711e-01
1.999910755874869661e-01
-7.969505786376898104e-01
-9.442245697144122651e-01
9.002768740089630572e-01
-8.433471609512110945e-01
2.359086809800303719e-02
8.394311940813943274e-01
-8.286898224688123982e-01
-7.510147930672288474e-01
9.654736246232278329e-01
-6.903663872431438087e-01
3.003971507038589728e-01
1.708000798179039048e-01
-9.926239122008035931e-01
-8.054375565036420159e-01
6.136441198328697055e-01
-4.306910391939409166e-01
4.568237878534207042e-01
-7.718099176565085262e-01
-3.823598262253580238e-02
7.362242253256470192e-01
-6.624266936823464125e-01
-6.949381460791361764e-01
8.871093829164680145e-01
1.759262461572319580e-03
9.783664346524336697e-01
9.604711744440244114e-01
-3.485809816841118902e-01
9.991330803797884297e-01
2.723386962065943440e-01
2.962925768845665608e-01
-8.322123707381832158e-01
-5.914358084243440672e-01
8.513185816527233385e-01
-4.493863691154242890e-01
-4.079627960111418261e-01
-8.880130157363446131e-01
1.434635609912799925e-01
-8.613994650703660216e-01
4.506986513760407043e-01
1.516381179669759049e-01
-4.725680063771342532e-02
-2.040047320867022229e-02
-3.702244456265357808e-01
5.904750560576792484e-01
-4.062252893875988313e-01
-2.062681738565925738e-01
5.549318385931882869e-01
6.796971865707004401e-01
-5.751173636975650538e-01
5.852207140793894702e-01
6.901787850801990309e-01
6.026680954893457454e-01
8.040044202412464092e-01
3.970163202555587745e-01
-4.452138215386454156e-01
-1.311589837257844948e-01
5.783584008667850274e-01
-3.978068960188185788e-01
-6.671501105433814693e-01
-2.331851585959445750e-01
5.664906294204998805e-01
-4.038812247011251966e-01
4.950554550217549643e-01
3.315500157515824942e-01
8.757104898204302046e-01
-5.024992056837751520e-02
3.227347861477505298e-01
2.118372370631327328e-01
7.685029374873348917e-01
-9.059844612711183132e-01
1.181132793684629423e-01
-3.274307146211734576e-01
4.285499734718249965e-01
4.692211755253290484e-01
-1.962387275525432351e-01
-2.051878038632932721e-01
-9.046573766651766491e-02
-6.088888354094363908e-01
-6.301387242917038112e-01
-3.354207964605215864e-02
5.785256365563280490e-01
-6.141706433989635450e-01
-7.217158687862379463e-01
5.486573453764234110e-01
-2.313845659087299111e-02
1.194139254950921103e-01
8.916902179943830831e-01
6.485290010344799683e-01
9.512973990803781366e-01
9.353977831053685854e-01
8.929048203958389607e-02
-6.788456729576919368e-01
5.064564292411597446e-01
3.177801308275174375e-01
3.429466128507172584e-01
-1.437661906920362220e-02
4.681150146843116033e-01
-8.624421561803132796e-01
-4.259977665577872052e-01
-4.950662877114504479e-01
-4.878637227560322920e-01
4.742856720161732209e-01
-9.449941032732405155e-01
-1.331391999259099457e-01
3.311432841390402615e-01
5.050821216520724466e-01
-3.948154807078929629e-01
-6.588714106595658926e-01
5.720332253348408003e-01
-8.669571570900045376e-01
-2.670597557387788257e-02
2.597295011755564875e-01
8.395624705458129000e-01
5.491513718315443882e-01
-4.713460679718459723e-01
-4.402323247888104696e-01
-1.263941098122911555e-01
2.383792400535256206e-02
-8.038311327054550315e-01
2.048590663184430838e-01
-7.855396919497277253e-01
-5.101266062886369301e-01
-2.055954490885814057e-01
9.801052349758740956e-01
-5.336620841650103753e-01
-3.224263881609852334e-01
6.971831279851010699e-01
-5.741995925918925714e-01
-5.240057472839703134e-01
7.381160054014146432e-02
-7.788802541691750569e-01
5.489252954863812484e-01
3.163996641727777615e-01
4.980616845098191359e-01
1.824803480516037357e-01
5.923218726353827179e-01
6.767563913906027295e-01
9.196264413228427692e-02
-3.198201824699180573e-01
-9.182217923856428321e-01
-3.750100234518058961e-01
3.496287056460849474e-01
-6.954615498982552602e-01
3.291358896389411370e-01
9.194908114760931284e-01
-5.201601527135151226e-01
6.394541499850658894e-01
5.172471640753331101e-01
6.471577279097191493e-01
2.694556915661412422e-01
2.060207387224288755e-01
-1.376458443023522715e-01
5.514743477481280909e-01
-5.330263250076612280e-01
8.177440201372505602e-01
-5.485672318599528197e-01
-8.202344183234513419e-01
-1.277326713924573642e-01
-3.999549463131004678e-01
7.042670960729635610e-01
-6.440780926214757507e-01
-1.929561351888768872e-01
-5.270774843038683599e-02
-8.616790832272962497e-01
5.204031767611141390e-01
7.366571090026874380e-01
-4.106644107827015500e-01
-8.807385058960903734e-02
-8.219163329158987175e-01
-5.196346378174965253e-02
4.479756521899609378e-01
-1.711485527636640303e-01
-3.913536145103511110e-01
-4.850401764012171046e-01
-4.541444431386243430e-02
8.456965681590673523e-01
5.174859217367313580e-01
-9.886950051409058027e-01
2.209621844082385600e-01
7.577465295159773184e-01
-6.545775732307836936e-01
7.421081465761008022e-01
3.636532811192356718e-01
-3.909049904065189374e-01
2.209578860154188806e-01
1.103989208585396398e-01
7.630298522182132892e-01
7.864396985461048484e-01
8.163288074655390414e-01
2.793589062174954840e-01
4.514511652618780069e-02
-7.900687116448978919e-02
-8.675788784190987535e-01
-4.368118046282967182e-01
2.205083594942034431e-01
3.503141373852813878e-02
7.252267959354892213e-01
4.052051723123948346e-01
1.159299950736329965e-01
-4.565991399680962015e-01
-4.428161639307277575e-01
8.351202765354448498e-01
7.179530409039802663e-02
9.311345753034481199e-01
4.893786178751251548e-01
-3.955241889063381144e-01
-5.303597274383016202e-01
3.819844795208782173e-01
-9.332283856401077937e-01
-6.942520758607282350e-01
-2.018426680835483378e-01
-2.355756630355847481e-01
2.592144851572468767e-01
2.188027046451039848e-01
-9.727322395246793540e-01
-1.225773442241351319e-02
6.386376983675627894e-01
6.263953683748055834e-01
2.159416840682895078e-01
-4.969931141541070740e-01
-6.909135790667630950e-02
2.140171294273074398e-01
-9.126787821526427535e-03
-7.556018670800992432e-01
8.963445933532516730e-01
2.632459606057782064e-01
-7.238556266851929877e-01
9.002778831428213113e-01
8.613226852018647239e-01
-7.098081352737835026e-01
-9.486622141860530100e-01
6.820791377801045385e-01
7.872749194374513149e-01
-1.538211089721379654e-01
-1.244837047293501087e-03
-5.421781685698026099e-01
-1.890362772365410393e-01
-1.386260765021485319e-01
3.413980645825855920e-01
-8.143520063479710025e-01
9.479247171658948812e-01
8.325402409298283679e-01
-5.178705237206486789e-01
-8.211752286758537966e-01
7.975396997774026886e-01
-9.988964886290330192e-01
5.764571807577942852e-01
-5.196470858653192693e-01
-5.168355502135424384e-01
8.412558213567096210e-01
-3.083077663358055887e-01
-7.493662075494289532e-01
9.866468399305430292e-01
-9.121364419735205065e-01
9.912378129261383286e-01
7.888936290960175679e-01
-4.133729814091005039e-01
1.744495142517110686e-02
-1.495692058337234620e-01
4.833150156045107337e-02
-8.034636855006411782e-01
6.248951942017222372e-02
4.016659709185819160e-01
