3.494551819923756852e-01
-6.286528363468188996e-01
2.505698227992336768e-01
3.436109291405469168e-01
-2.411656931450454344e-01
1.106032851997047484e-01
-9.976075998748008544e-01
3.367453351999325495e-01
6.815429642982318015e-03
5.922207827459835539e-01
4.452727777598224357e-01
-7.517721519934568164e-01
-1.211978230071595330e-01
2.461036949523516260e-01
7.781652484774921330e-01
5.061238131534697704e-01
8.857489090556143196e-01
-1.157222749512851756e-01
-8.568218225220647355e-02
-7.592584934719417422e-01
7.077276133617766973e-01
2.527638869258728160e-01
1.054540770212355483e-01
3.707673963341746592e-01
1.113878833683026315e-01
9.977143839820277194e-01
3.721093811021427555e-01
6.977233943705796193e-02
-8.322856480634406307e-01
7.183559009006690310e-01
-4.442949037470580453e-01
-9.129693989323128811e-01
-8.270230572086392229e-01
-6.389720660165774113e-01
-4.331631380788549812e-01
7.996837740862192678e-01
-3.322360003367128556e-01
8.820111439805176090e-01
6.996341354864550333e-01
-4.451529729154031223e-01
2.016410585607280037e-01
2.064598953883078902e-01
-4.143285214850951359e-01
7.509251822575639945e-01
-1.495912277022666270e-01
-9.328510507531868612e-01
-7.120916597982189788e-01
1.209581218501594169e-01
5.635975645556279279e-01
-6.479520525464104175e-01
9.913147004223701320e-01
-8.605536491679588451e-01
6.624743447370073923e-02
8.787995117670455159e-02
-5.943634380189115607e-01
2.449215632998258396e-01
2.996424930679597587e-01
2.921831540252481929e-01
-5.635913672980066291e-01
-9.855406438618841136e-02
-6.018672316917674792e-01
-5.566562390944187477e-01
-1.397622231026702799e-01
3.072686505800736878e-01
-2.504649375386065469e-01
8.962541186963872697e-01
8.232262767884135357e-02
9.500453817979679361e-01
3.199467238959310400e-01
-9.671520911589430725e-01
-1.901038065418765299e-01
-8.322576587060406261e-01
4.813378916363304505e-01
3.335304751690888470e-01
-2.522361902354723906e-01
3.544817738262742157e-01
8.432436220431682727e-01
2.187414668945666385e-01
4.332189540617383816e-01
4.045550451919639467e-01
3.026998182526932091e-01
2.368397967827700068e-01
3.931621003178471518e-01
-9.950038973918293728e-01
-8.206882290644355038e-01
6.843189011571868541e-01
-2.209195887008663650e-01
-6.069329288322844462e-01
1.369643480846343131e-01
-3.560095269209568869e-01
4.748791041391415835e-01
-6.978236907035779701e-01
-2.955250114578609200e-01
5.021450127058260104e-01
-5.413308760216950510e-02
5.570907079644760174e-01
6.996744834382808698e-01
7.639542231884663970e-01
-4.723207570386527276e-01
6.644803471811373541e-01
2.114025406599884249e-03
-4.011351733925880847e-01
-4.850953189137043875e-01
-6.585716107134145236e-01
8.722973418244519550e-01
9.052139090534390142e-01
1.426061479750466710e-01
-5.254378518535407494e-02
9.790684383744829855e-01
6.813830490968064701e-01
7.545316115428553072e-01
-4.359342520730953296e-01
-1.407429763304162140e-01
-4.155965840689559432e-01
-7.202641222886925210e-01
-9.952491919647161733e-01
-6.886223466314778108e-02
4.789875981005176087e-01
4.263394382738192601e-01
-2.857723571932018203e-01
6.933338202793652982e-01
-2.722952887060019478e-01
-1.880221962615389319e-01
7.699935375244211233e-01
8.410987595832097874e-01
9.121060705964407767e-01
1.884293635900069486e-01
4.945585189423342687e-01
5.523857490947834403e-01
-5.394326537649658526e-01
-4.784080763768623346e-01
-5.216758606219284999e-02
6.566512232744861066e-01
1.033365669635641915e-01
-8.600361292131863955e-01
-9.641699419191702702e-01
9.222243048340272864e-01
6.925977168570551790e-01
-3.068462032404368767e-01
-8.125204578350133655e-01
-4.716886809787974588e-01
1.656283053568028407e-01
-7.570757137492909461e-01
3.444193573649019235e-01
4.477877351276167150e-01
-2.444286137860358643e-01
-2.746688627857616360e-01
5.782750263993774453e-01
7.462111512699414195e-01
5.455300246543217657e-01
-6.102765925743374176e-01
9.565520789161989779e-01
7.452226239688997111e-01
-7.802583053352207809e-01
3.645888631019533754e-01
3.752096668387971956e-01
3.705005228268947182e-01
-4.637991846625433290e-02
-2.325806201038038701e-01
1.770876300628654310e-01
-3.038178092325019009e-01
6.226598682158819287e-01
-3.244806622022087250e-01
4.951964273898725732e-01
-5.551178549700532816e-01
-8.298171400141756138e-01
-2.913243067978594780e-01
1.232457006086851159e-01
2.639377613249751509e-01
8.620198887326679937e-02
-2.232215866498712398e-01
-9.521056498859890027e-01
-9.346889875368393774e-01
9.407105527813772738e-01
4.429265650266009935e-01
2.276332257857436314e-01
4.305340886787707433e-01
7.194246334981770907e-01
7.996784154867251360e-01
4.247427131542422796e-01
2.924399045349288517e-01
-4.381661312662088470e-02
5.735638297763734350e-02
3.599093105068991161e-01
3.301624895815895577e-01
4.868396451282597237e-01
2.596870385530660741e-01
-7.733501883460272008e-01
-4.853676009127123603e-01
8.957128592824910029e-01
3.800853987111216803e-01
-8.492066567599401150e-01
9.421111228243062019e-01
-4.719229296187834599e-01
9.903845248539577817e-01
-5.631965130917033768e-01
-3.489247213102828482e-01
-2.691808792117460492e-01
-9.443729641799598618e-01
3.487114959418955440e-01
-3.325705355620063308e-01
-3.237762257569236635e-01
-9.758286371085669320e-01
6.129360007525483933e-01
-4.124358687792373246e-02
5.440075205331489361e-01
-2.009352309610725751e-01
-5.489262741496614417e-01
-6.442897492911352497e-01
2.680905969994433757e-01
-8.675558460493255630e-01
5.494265866878313975e-01
1.435336715054893464e-01
9.584608982371283226e-01
9.930363288066785810e-01
3.493040953291466355e-01
-7.065408679054050456e-01
3.823833579928865856e-01
-2.048396326199397599e-02
8.135714192377156984e-01
-7.106515555840760001e-01
7.360850771293920847e-01
-6.421768139738954773e-01
1.612087474533219211e-01
4.945219609061506372e-01
1.375683500551980742e-01
-4.675723945861478548e-01
7.707476393910448476e-01
6.456780159173880485e-01
-1.742223078615738885e-01
-8.217680635413764367e-01
-1.300166372872262333e-01
7.707735713467789296e-01
4.417648699129721468e-01
-1.157621629473681857e-02
7.943392093967016621e-01
-9.509622262485892819e-01
-3.813257063972130823e-02
6.607363508784458439e-02
2.250584045456904825e-01
7.578349249829419154e-01
2.149890494469595126e-01
1.218701222145617269e-01
-6.347771616915989235e-01
-9.008381244942114119e-01
-7.745232380795465943e-01
-3.622778646817130799e-01
-1.804938403152687165e-01
8.087363527683579800e-01
-1.782718173385238192e-01
1.780260016011023794e-01
-1.362875482614833711e-01
3.919221224321762787e-01
-5.007561056027207691e-01
5.285482266251495531e-01
4.952450870282718576e-01
4.970749955839048884e-01
-2.541290189915752507e-01
4.184752209103841381e-01
-3.617454845523357942e-01
-2.794958289888809233e-01
6.682195826906927039e-01
1.664645131118012156e-01
5.491153418918226503e-01
7.196534567204260213e-01
