2.437709687836218109e-01
-4.709328284581593138e-01
8.981656398660962104e-01
-3.007908803037677714e-01
-4.735715257217982810e-01
-7.719819318557414878e-01
-2.154365691877866418e-01
-5.328390584333235758e-01
-5.022790223598307957e-01
3.783327836067027494e-01
4.439236429061450551e-01
-6.303267867497404087e-01
3.343361731475509302e-01
-9.913025110485051972e-01
6.787324282259954433e-01
-3.937554514570558162e-01
-7.840138612334723867e-01
-4.033790775041199428e-01
-4.818095057640146006e-01
-1.088121433681306094e-01
-8.373286942674396105e-01
5.806724752575296300e-01
-1.694532479990453755e-01
-1.116411065530766855e-01
3.543270543574417175e-01
-9.151692838739047264e-01
-2.053391951555554318e-01
5.016101361424232241e-01
-2.808735821306140856e-02
-6.523367999809766005e-01
1.708250334520766689e-01
5.615235890905596605e-01
-1.376216639554341814e-01
-2.913549171469145271e-01
-9.278699949886424214e-01
4.753990623023514051e-01
9.997853045379412329e-01
-5.138596386808114147e-01
6.180607470978054518e-01
3.989523911185817173e-01
-6.907501452089557237e-01
6.004243409705252166e-01
-5.089636803424550937e-01
-2.585599754467151623e-01
2.231328135637780097e-01
-4.165086755000939611e-01
6.113201776854917391e-01
9.630588922321410283e-01
2.070193721247604035e-01
-8.457091873272795102e-01
2.463616750165984470e-01
-8.289538250291983434e-01
2.287761592593806625e-02
4.250292318757153964e-01
-5.845343960022579832e-01
3.852285574787268629e-01
-8.336457519588080789e-01
-8.830422166817832874e-01
1.752335169580343521e-01
-8.272529454981896180e-01
7.756551502285780053e-01
1.842436200820534165e-01
-9.722776899077789636e-02
-8.604757919439833813e-01
8.860365172240316500e-01
4.455867246075044807e-01
6.058807662564689167e-01
-2.335380038436838390e-01
-6.127893622153623987e-02
9.494159868712159778e-02
-4.259837233566721171e-01
-6.028127178208679826e-01
6.801821801534158052e-01
6.516377965871691380e-01
-6.430781076722749123e-01
4.742946727086352343e-01
1.247946958043528731e-01
8.957381389467689026e-02
6.773320641844176038e-01
2.330869138788078665e-01
1.423844983064159742e-01
-9.126859377139500129e-01
2.363924617006150086e-01
7.317677256784747009e-01
-8.889057984140449342e-01
8.602347939531100884e-01
-6.417598528570622740e-02
1.566864534466172465e-02
-4.415486390523530869e-01
-9.557421711824265476e-01
-1.162819920264011042e-01
-4.190693100056257503e-01
4.492610834676014075e-01
6.590961808997652938e-01
-8.929719859609854815e-01
-2.751643473628595515e-02
2.028394708730292262e-01
4.493313989756366755e-01
-7.931092935496417695e-01
-4.916412037577366778e-01
4.474790967748820680e-01
-3.886602166761568000e-01
-3.564469161392702645e-02
6.990727285818922887e-01
3.963383897168235581e-01
-1.117096136116355609e-01
-7.614720559322694093e-01
-7.771549162117856735e-01
-8.997047560538311561e-01
1.526466218492705806e-01
6.555093952994042183e-01
4.729754135450958685e-02
-1.430536276631564352e-01
-8.878030596285935161e-02
2.859799698152811764e-01
9.609994981704843564e-01
3.978487135983286294e-01
-4.692001971994348430e-01
-4.849069219679562615e-01
-8.215204035436092234e-01
9.012445805253856967e-01
5.271825874889286556e-01
-4.751455693150716808e-01
5.757373096687961045e-01
-7.861936457911045117e-02
-2.488326243679825911e-01
4.521141371375758666e-02
-2.262935275101722876e-01
-5.022309257773527325e-01
1.540034584140121954e-01
7.116782952155693565e-01
-7.821671939246477301e-01
-1.414461670271405236e-01
4.161139966075708685e-01
8.475537976117775152e-02
7.641620904993939867e-02
-5.345788660137826831e-01
9.365823023530077673e-01
9.469682079519952111e-01
-4.851289725001768360e-01
-8.489394130814371664e-01
1.892375257426293089e-02
-5.083162595595154265e-01
-2.681187349765279393e-02
4.685717953084092002e-01
-7.291616353697172315e-02
-1.706945269339841253e-01
-9.449466908157546641e-01
-5.677411706347279541e-02
-6.413493447806366543e-01
-3.468627817843852323e-01
3.510691712799118847e-01
-1.347083567633708956e-01
-3.665792754292145350e-01
-6.464230422333652193e-01
-1.820429027085859186e-01
-5.020494106015747082e-01
1.087261641808257018e-02
8.239911311586065601e-01
-8.564938861204351994e-01
5.698039418283289415e-01
-6.319416887717133058e-02
-4.644780435282249709e-01
1.215580399461348993e-01
-6.928067562403903423e-01
-4.521581611537033307e-01
-6.442973802636511316e-01
3.808140208029973106e-01
9.817053874142855907e-01
-6.087907960278855501e-01
-4.468354511685701524e-01
-4.544491813867674868e-01
-3.403631388978072270e-01
-7.132041118067138363e-01
6.049267481552564885e-01
4.952336227599063445e-01
5.451730774641412314e-01
1.753760636400276685e-01
6.094247262265901632e-01
-4.247925854672023327e-01
8.497554468410863926e-01
-8.962115280171483178e-01
7.666494649886956836e-02
-4.982694484950296321e-01
1.674795788243668149e-01
-1.413711361340050932e-01
-1.725984585415742956e-01
7.327345157953946142e-01
-1.784779391594495390e-01
-8.628146989448315374e-02
6.852920186075985853e-01
-6.946210875377356597e-01
6.065289942497142928e-01
9.011442366155120176e-01
-2.328274141579991241e-01
7.555952748764507287e-01
4.553756145008134304e-01
7.786419518510954152e-01
6.722696681912327943e-01
5.478555024697897569e-01
-2.120497974572663757e-01
-3.278856983099818212e-01
-6.959847443222455521e-01
1.192461932964088422e-01
7.632142497636322798e-01
1.615632710576160314e-01
-1.933292415356016036e-01
5.541732996391379729e-03
8.815996410882074308e-01
9.825518817249514480e-01
-8.867818381618721713e-01
-8.267304682826670525e-01
-5.194619970125142761e-01
2.889064321391927592e-01
-3.461741634526365186e-01
3.240420299721780140e-02
-9.468882214118474749e-01
2.016602723401244024e-01
-2.443787048203358570e-01
2.391656861926902966e-01
5.227963808420803549e-01
-9.435191287979920460e-01
-6.182746900478359731e-01
8.226476815758130279e-01
3.904283487592050683e-01
8.622757283867867883e-01
-9.398088059604974287e-01
2.335193067844778536e-01
9.183668055803204666e-01
-2.100670407356197700e-01
6.179290600613285278e-01
-2.235065801647353467e-01
-1.346461050404186288e-01
8.347447868416684180e-01
9.023729673386398087e-01
4.168140626794936132e-02
9.164266717372258064e-01
9.917242713872262971e-01
5.922891875430786879e-01
8.467313302684582599e-01
-1.329916394859123052e-01
6.911884183473857579e-01
-5.325544057363904571e-01
8.314074838105875997e-01
-6.664526045874747950e-01
-6.289836969211726192e-01
7.362538506186575571e-01
-2.907357685458222818e-01
-8.576259317151684325e-01
-7.278340112264176653e-01
-6.614804008142989300e-01
7.071078279965388180e-01
-5.161670160431683918e-01
-9.480862035325448023e-01
8.260794133208517742e-01
-4.080151962824560830e-01
9.721446668282951453e-01
3.524553344485354955e-01
7.585428434652139451e-01
-8.809531998278310461e-01
-7.652945214404498486e-01
-1.995800419721833752e-01
5.476266318180789128e-02
-9.690930599052041128e-01
6.805057071983118266e-01
