-3.855537540916311179e-01
-8.291629689021450256e-01
-5.613317911913258129e-01
6.666315574879693173e-01
-4.469327085321597726e-01
1.000000000000000000e+00
1.223682158133271303e-01
2.448659398018422362e-01
8.456139278593048925e-01
3.424005888720987878e-01
3.249783072984869792e-01
-3.749104208339311683e-01
3.163071804925814967e-01
4.566006849307592819e-01
1.099774961463488854e-01
-3.184780592622573625e-01
3.814609162805575604e-01
9.011578221720919490e-01
1.961560954825962710e-01
-2.148877254226360667e-01
8.193942765425324959e-01
-3.879015410176797629e-01
-7.363299220123670219e-01
-5.057473479013070428e-01
1.198937183739927637e-01
-7.054246103851434802e-01
-1.000000000000000000e+00
4.613000716018517133e-01
5.418217858208773663e-02
-5.988203682571370257e-01
2.251583661283743654e-01
4.756976613156774225e-01
-6.028633121434423536e-02
7.085265453542621827e-02
1.530524936282069426e-01
-3.731983939043499454e-01
-7.601592707394375648e-01
-8.041697309722453113e-01
-1.000000000000000000e+00
1.000000000000000000e+00
-1.000000000000000000e+00
8.589464629866014889e-01
-7.607465173287869531e-01
4.887820233071016318e-02
-1.831080395987884080e-01
-9.865849227957910195e-01
7.857496912311195958e-01
-9.754282267988427790e-01
-5.497058780906362019e-01
1.696234250739817040e-02
-7.258325068128175239e-01
-8.310312128111081442e-01
-1.472937189366941846e-01
-1.000000000000000000e+00
-8.832254541157377181e-01
1.000000000000000000e+00
2.454867623814392663e-01
8.889074577943415489e-01
2.984954008786303015e-02
-4.511993017468478584e-01
7.390560074146043101e-01
-1.299020280243494696e-01
1.000000000000000000e+00
-1.589206188324311930e-01
-2.335629179598870397e-01
2.001838900072479832e-01
-1.000000000000000000e+00
-3.987666545380542660e-01
-4.145978596775817121e-02
6.644576840469911261e-01
-3.122092119658415044e-02
5.011118109701402368e-01
-2.112864623931041408e-01
-5.560362495483466283e-01
1.980537649057378946e-01
8.620828147938158770e-01
-7.493744415678702531e-01
-1.031168887180322485e-01
6.765920946783849921e-01
-5.890338743157877976e-01
1.000000000000000000e+00
1.000000000000000000e+00
-1.000000000000000000e+00
-8.849359606271753886e-01
-1.000000000000000000e+00
-3.127319455433346107e-01
3.700331080477807788e-01
-6.359491779135525436e-01
2.235693788705243046e-01
8.609269207326216700e-01
-9.896127714560916389e-02
-5.424339705108749410e-02
-3.019915078189505664e-01
-2.735322849811457901e-01
8.040801624016037374e-01
9.204554740941818247e-01
3.252002894853441850e-01
3.935690900029943373e-01
5.957513404263690138e-01
5.331199101449284328e-01
8.499360138223345240e-01
-4.991373643108931724e-01
5.690693006378257923e-01
-1.000000000000000000e+00
-1.744855399430285670e-01
-2.786986872882579180e-01
4.995390738613238457e-01
-1.000000000000000000e+00
1.418693615025618665e-02
8.562241717090885995e-01
-3.408666886833075504e-01
6.149862154427592209e-01
4.211233799547265955e-01
-9.842809944434562919e-01
6.212124034396606653e-01
2.252940697647314860e-01
-5.112723710250672848e-01
8.011956732486655852e-01
-6.979236255739303951e-01
7.139557167600363297e-01
-2.336443991570850143e-01
-3.969391668140861973e-01
8.751005843315806665e-01
-1.000000000000000000e+00
8.407688170635788660e-01
1.000000000000000000e+00
1.021423794133538010e-01
-8.750859119962933752e-01
5.287510454264817694e-01
4.033823409185255393e-02
1.000000000000000000e+00
-1.306008901301418390e-01
1.955297157734227076e-01
-6.817688217081521174e-01
-1.394840803114412442e-01
3.913508420897784390e-01
-8.643108714577955876e-02
-1.000000000000000000e+00
-2.874077505336827265e-01
1.000000000000000000e+00
3.080114249405928595e-01
-6.896443654950809021e-01
1.000000000000000000e+00
1.669357570641342159e-01
5.260573657415510418e-01
5.576090820214335553e-01
-4.168634370821281410e-01
-1.567455316248160813e-01
1.814578629993373049e-01
-5.492031084152563247e-01
-1.964287627985006335e-01
-1.537296442346069297e-02
-9.091363488348060962e-01
-2.193918359324781298e-03
3.941753198002468928e-01
-9.430143293639573487e-01
-1.242194423658218305e-01
8.127456957378864644e-01
-1.977085700247663280e-01
4.504506105419747719e-02
-3.845172006083712457e-01
-4.992375832219798915e-02
-4.571512417351377700e-01
1.724279492771710331e-02
1.000000000000000000e+00
4.995397113510746112e-01
1.702946918199413073e-01
1.000000000000000000e+00
-1.000000000000000000e+00
-6.245048560506376578e-01
1.516081851083139753e-02
-5.014040240415935656e-01
9.377546212839502626e-01
8.211491822341188129e-01
-3.531062079737621318e-01
-1.857135812818346554e-01
-8.750557115578201373e-01
-9.102069467204801922e-01
-2.037832505462892074e-01
6.883488730468458883e-01
-1.222424470814001407e-01
8.745439140660539179e-01
-6.513545496723732731e-01
1.000000000000000000e+00
-1.000000000000000000e+00
-2.774114046618762486e-01
9.557092486423338640e-01
1.810565330114495552e-01
7.021918642227980012e-01
-3.455276054305339573e-01
5.551175626627001813e-01
1.000000000000000000e+00
8.151508564247718081e-01
1.681571356687976415e-01
4.589280999667935124e-01
3.669450459733806791e-01
-1.000000000000000000e+00
-9.410389077361364096e-01
-7.395435560551637533e-01
-9.316487029125781749e-01
5.912146369883201080e-01
4.429169560368940162e-01
3.070651469809516643e-01
1.000000000000000000e+00
4.997558913711815376e-01
6.492706726260744077e-02
7.507931462113948129e-02
-7.994122254058353416e-01
-4.547736848188591585e-01
3.209022632137975006e-01
2.646199689575685909e-02
3.890864691471656589e-01
-1.000000000000000000e+00
8.506731331094141701e-01
5.421443866655628607e-01
-5.396845112008602507e-01
9.125522718261143140e-01
-7.236621010715322821e-01
-7.163121961468291721e-01
-3.922847793795277149e-01
-1.577540461726750776e-01
-4.038242252339044325e-02
4.404066663049074348e-01
8.463525639919671217e-01
-8.407529460575389191e-01
2.944447033613624143e-01
1.000000000000000000e+00
-3.637795068385097363e-01
9.757333685640459109e-01
4.139039967979052381e-01
-2.679669326990594680e-01
-7.419676409907950410e-01
-2.380100918414775057e-01
9.702553602221828388e-01
3.418684991732994227e-01
4.149409817356148472e-02
-5.270234387537564569e-01
-3.229531122638615859e-01
-7.537470083981369084e-01
-7.130726270451864801e-02
1.000000000000000000e+00
-6.999361596924449369e-01
8.691447912577687784e-01
-4.093338034928968305e-01
1.606354883551395496e-01
1.000000000000000000e+00
7.191235600963828689e-02
1.000000000000000000e+00
6.023164901916551184e-01
-2.251406595184331783e-01
-3.246208753085888521e-01
-3.663725714157559099e-01
-4.178086712278217263e-01
4.066977090445773602e-01
-1.000000000000000000e+00
-7.279568634181156073e-01
4.592928927670385242e-02
5.757139682729544017e-01
-1.284444775878532674e-01
3.819507510490792734e-01
-7.862185831320257501e-01
-6.015771231189583901e-01
3.906266487233069074e-02
6.127985562370720229e-01
1.000000000000000000e+00
