-8.167778798787724837e-01
-3.662118530649713932e-01
-1.000000000000000000e+00
3.164880537880345734e-01
3.632577483593335543e-01
4.266411229048759912e-01
-1.000000000000000000e+00
-1.000000000000000000e+00
1.515608277499586043e-02
5.205373451293705822e-02
2.404312604611017479e-01
-4.720238362259843168e-01
-5.712912779223384696e-01
-1.596869708373490071e-01
5.075667222902675579e-01
4.196083754315027003e-01
8.141164334469138675e-01
2.538271024318459190e-01
-1.000000000000000000e+00
-8.711772263351457157e-01
-8.134338549830402165e-01
-1.000000000000000000e+00
-1.000000000000000000e+00
-2.550490119894506247e-01
1.297779242736070149e-01
4.324171352306069860e-01
-2.266200575342053047e-01
1.000000000000000000e+00
4.315263780999186727e-01
-3.533425847657109542e-01
-1.000000000000000000e+00
-6.097753252108926159e-01
-3.974649873696578517e-02
6.081712746141536563e-01
1.000000000000000000e+00
-3.027638706660336076e-01
5.335376704247175583e-01
-5.360305940610074482e-02
-2.325329753549583156e-01
6.997725368272867952e-01
-1.000000000000000000e+00
7.406322987370972388e-01
-1.938990585623561191e-01
3.275153919882961562e-01
5.483832553643990249e-01
1.000000000000000000e+00
1.000000000000000000e+00
1.912502294189522833e-01
-1.000000000000000000e+00
-5.668532108791590751e-02
-1.000000000000000000e+00
-1.442044553016800790e-01
7.645929230085746209e-01
1.000000000000000000e+00
1.000000000000000000e+00
4.804275872521042157e-01
-1.640502402172235308e-01
-1.000000000000000000e+00
-1.604397803432817682e-01
-5.187144280657512985e-02
5.155703806467677452e-01
-2.535842474704200766e-01
-1.360160591873266489e-01
-5.705339937718454379e-01
6.598635471533427221e-01
-1.774581240409400795e-01
-9.688991617555895441e-01
-2.674724049163539896e-01
-5.890151886285528438e-01
-3.356137342403608947e-01
-3.795121129357698075e-01
-2.639502675185000091e-02
5.082347481163153047e-01
2.086527573451413264e-01
3.905772344851095590e-01
8.102735249141670426e-01
-1.000000000000000000e+00
-5.105861136673314205e-01
9.209998814339315221e-01
1.000000000000000000e+00
-3.327397288087373117e-01
-1.000000000000000000e+00
-9.934149231938693703e-01
1.000000000000000000e+00
9.643570141145206831e-01
-9.044628883987565482e-01
-1.514727243515392452e-01
5.564034261696986228e-01
-2.980994439431566834e-01
1.936997832811153952e-01
7.834066562478874118e-01
-7.594591083690702682e-01
4.019184682771022032e-01
9.499006746256153377e-01
-2.178079606374809241e-01
4.447655848650245991e-01
-1.000000000000000000e+00
-7.393462881319882163e-01
9.168817530023676277e-02
-3.154553761975862347e-01
1.647295086832556987e-01
1.489946528695649253e-01
-3.402223537569733502e-01
-4.554813195847720597e-01
1.000000000000000000e+00
-7.815906544796020761e-01
-1.468314660148167805e-01
-7.652321406236470835e-01
-7.195069870658442612e-01
-5.020016110464545211e-02
3.492607969116019451e-01
-1.000000000000000000e+00
-1.000000000000000000e+00
-2.206618451881467990e-01
3.742155490765957104e-01
5.459046339547823923e-01
4.405126512620965995e-02
-1.000000000000000000e+00
2.315634359755203153e-01
9.153051769271973725e-01
-9.081169112789290176e-01
1.000000000000000000e+00
2.464660479768879253e-02
1.000000000000000000e+00
6.962018928446280785e-01
-1.000000000000000000e+00
-9.363053333597157746e-01
8.349894594098572487e-01
9.199526302673377565e-01
9.367304602211771192e-01
-5.436583793078302307e-01
-5.815731211885190044e-01
-3.279537808965434786e-01
7.400737675292283768e-01
2.458531485472215117e-02
2.731777374289769966e-01
8.557668250497960649e-01
-2.521296210036904628e-01
1.000000000000000000e+00
-6.606523583589287707e-01
8.159859844217411950e-01
1.000000000000000000e+00
-2.821925576344337383e-01
-1.000000000000000000e+00
-5.790533656052776479e-02
1.000000000000000000e+00
1.000000000000000000e+00
-1.975516127913201636e-02
5.931227212004323013e-01
-5.342732392844895539e-01
3.262896607786021086e-01
-1.000000000000000000e+00
-5.763442261824820445e-01
-8.424256246484351784e-02
-1.000000000000000000e+00
1.000000000000000000e+00
-2.684829487264921988e-01
-5.728587437310331820e-01
2.689931902278914766e-01
-2.481322442437990938e-01
-8.040342114461291878e-01
-4.886212574721102708e-01
1.000000000000000000e+00
-1.000000000000000000e+00
-1.000000000000000000e+00
-8.902522716353422627e-01
8.882680120736944351e-01
5.352600455854713557e-01
7.523168453428684677e-01
6.928895952547803327e-01
2.735555703501255653e-01
1.434039872945430671e-01
-1.000000000000000000e+00
-5.208198596069354425e-01
1.000000000000000000e+00
-2.405114690374498265e-01
1.000000000000000000e+00
1.000000000000000000e+00
-8.325366943069409942e-01
6.143802566817386790e-01
1.000000000000000000e+00
7.212416703937207796e-01
-1.068824999908410955e-01
-1.000000000000000000e+00
-6.815129654978862028e-01
-1.000000000000000000e+00
-4.999233903704513038e-01
-3.215260884509486550e-01
-9.904609730941514867e-01
-2.721312264358169419e-01
-3.169913200374612772e-01
3.827799928325452683e-01
1.585650182173670153e-01
-9.425778004241962549e-01
5.606549715480999563e-01
1.000000000000000000e+00
-6.781914895361377260e-01
-2.674288949001729088e-01
4.580858875209989911e-01
-4.031057633887726865e-01
-1.000000000000000000e+00
-1.014762033851350082e-01
-8.451029428647739428e-01
-9.628746368905257702e-01
-4.373458257295536056e-01
1.000000000000000000e+00
-1.954481290562859463e-02
-9.257295728793177858e-01
6.819755726505487559e-01
5.106289531679876204e-01
-4.262123501940495718e-01
7.927548587376342937e-01
2.804400524376775561e-01
7.094623965822830503e-01
8.399291941854443166e-01
5.520851232690764387e-01
-1.000000000000000000e+00
8.802195662806890919e-01
-1.000000000000000000e+00
9.542278867119823316e-01
-1.000000000000000000e+00
1.000000000000000000e+00
-6.380317482893121950e-01
-2.823374732440109280e-01
1.000000000000000000e+00
-6.544714500570582016e-01
8.641071134932296616e-01
2.160200807649971799e-01
-1.094620043569918266e-01
-8.061627593683919901e-01
-1.662441709257473921e-01
-6.058226068959204902e-01
-3.983216102100611139e-02
1.000000000000000000e+00
-6.065481118759065149e-01
3.061367799082983510e-01
-3.008281641474192525e-01
7.822175373357382888e-01
7.469554825402955345e-01
1.000000000000000000e+00
-1.000000000000000000e+00
-4.467500472759765584e-01
2.352970140862135073e-01
-1.000000000000000000e+00
7.653889866767789318e-02
-7.217774174197958414e-01
1.000000000000000000e+00
5.292232138185252177e-01
8.016824197083027848e-02
8.894434192916778059e-01
-1.000000000000000000e+00
-9.065290138147014121e-01
-1.347006530918903877e-03
1.000000000000000000e+00
-5.021418916349120742e-01
-5.218817354192460956e-01
-1.965751235714128242e-01
-8.675275527494122896e-01
-3.557073118569453740e-01
-4.684258360370216479e-02
-7.123511790268048927e-01
-7.381713896750842219e-01
-6.006472692713762385e-01
8.237892506409296711e-01
2.242841528007191998e-01
