-7.727285520821245424e-01
-1.543031609061730203e-01
6.109920682601175379e-01
-7.302676083001826690e-01
1.000000000000000000e+00
5.170895454590638263e-01
-6.613601754033888724e-01
1.000000000000000000e+00
-1.000000000000000000e+00
1.142884900775957280e-01
7.749769501332816057e-01
6.745347660282953184e-01
-3.809589935371662239e-01
-7.767554765791572224e-01
-1.000000000000000000e+00
-1.000000000000000000e+00
7.374772051254776528e-01
5.041290677282217469e-01
1.561337345380264807e-02
2.459204723789268354e-01
-6.695484980539156972e-02
-1.077418315106058178e-01
-9.058775117193323956e-01
5.346603782536063498e-01
1.000000000000000000e+00
9.962384890675815008e-01
-6.988801359255214507e-01
6.504041633331227867e-01
2.825177374126224272e-01
1.000000000000000000e+00
1.115611625138139829e-01
4.782433918083772717e-01
9.365060397391744562e-01
-5.760609487177913435e-01
4.978294548216434245e-01
8.776926064780861403e-02
2.545658545854709853e-01
4.942258040651402728e-01
-7.655803526780233792e-01
-8.788865470051236972e-01
-5.105541014770857977e-01
4.836131854987013590e-02
-4.146962427005167484e-01
6.234467461783141928e-01
5.758058306283192485e-02
2.506123769092878373e-01
4.177897720709954354e-01
-6.935553146134476599e-02
1.000000000000000000e+00
-2.914118849920168675e-01
1.000000000000000000e+00
-5.621860744599289639e-01
8.960364110298307816e-01
9.994239674125386941e-01
5.163357677993710704e-01
-3.764126095422337670e-01
-1.000000000000000000e+00
2.473870910268007872e-01
-1.000000000000000000e+00
-1.455349926518052506e-01
2.236591991031758875e-01
-7.738424873006217730e-01
-9.191923157031991476e-01
3.650944048996940805e-01
9.745586860153110376e-02
-1.000000000000000000e+00
4.268565290730701456e-01
1.030490207686801662e-02
5.192248367289142852e-01
6.087575604161151732e-01
1.000000000000000000e+00
4.072019244426257623e-01
-1.000000000000000000e+00
1.000000000000000000e+00
1.000000000000000000e+00
5.941428956835976827e-01
4.584580723031326244e-01
1.000000000000000000e+00
6.819882019979024435e-01
1.444074263758518550e-01
-3.026470571363839568e-01
4.579328075948958521e-01
-3.731703854245062013e-01
6.716591676609151573e-01
2.353606285339926441e-01
1.654238168487062732e-01
-9.367965534064818245e-01
-1.000000000000000000e+00
-4.791866388258153031e-01
-4.797931607927055642e-01
-9.613504712868120583e-01
3.948277092463318705e-01
9.927658328606105975e-01
1.000000000000000000e+00
3.660286753273040983e-01
-1.000000000000000000e+00
2.278799629231954560e-01
-1.023796115233669424e-01
9.255615091780281523e-01
3.974945910607649568e-02
-1.628727029287395656e-01
-1.000000000000000000e+00
4.115608437343443171e-02
-8.041890893149707953e-01
4.103666790722745317e-01
-1.135553732133628424e-01
-8.760457159163805851e-01
7.117265249200346311e-01
-4.662801871256758712e-01
1.000000000000000000e+00
-2.448406489388983420e-01
-3.306844974792506608e-01
-1.000000000000000000e+00
-1.000000000000000000e+00
4.390595204979125254e-01
8.788870774324314405e-01
8.632326551152083027e-01
9.004940034141295513e-02
5.935108960156696423e-01
-3.348137032662553692e-01
-1.000000000000000000e+00
1.000000000000000000e+00
-3.856034497402535122e-01
6.341855552941322305e-01
2.707880582774134792e-01
-6.704943815656025929e-01
2.950983299455592901e-01
-1.578896212375952013e-01
-2.371325561099272283e-01
1.000000000000000000e+00
7.031741564379978549e-01
-1.000000000000000000e+00
4.678061366759287965e-01
-2.317578926871380895e-01
-3.004293107165311172e-01
-1.000000000000000000e+00
1.682200944907041862e-01
-1.000000000000000000e+00
-1.000000000000000000e+00
1.000000000000000000e+00
1.000000000000000000e+00
-2.317116702940974493e-01
-7.334921709132837808e-01
6.810232638960809215e-01
-2.441893478058735356e-01
9.348711891632998094e-01
-9.844017347434622645e-01
-2.705677829492917352e-01
9.745076244349079042e-01
-7.043503430133607468e-02
-1.000000000000000000e+00
4.232242186969988884e-01
-4.905938092118642402e-01
-4.248271517869970371e-01
4.744188935762582160e-01
1.386948716535509885e-01
2.078602996322580498e-01
7.263239668892516043e-01
-8.319730161996214957e-01
1.000000000000000000e+00
-6.510343531433775421e-01
5.587567313442834971e-01
-3.836881037985844234e-01
2.738279195289852197e-01
1.869936226084384923e-01
2.292058217918177820e-01
2.019282861090003767e-01
-1.000000000000000000e+00
2.677096826829713505e-01
-1.000000000000000000e+00
-9.657533576897079364e-01
6.087112607543218035e-01
-9.383034998249610847e-01
1.349745408768731336e-01
6.173545303703393827e-01
2.146790263736808591e-02
-4.899598173095575104e-01
6.723298184129876676e-01
3.388364428319282640e-01
-5.479495094519351017e-01
-1.000000000000000000e+00
1.000000000000000000e+00
5.722392211845255261e-01
1.000000000000000000e+00
-1.484379119146861659e-01
-9.059288071576029333e-01
1.184359084377263616e-01
8.983494827703002450e-01
1.000000000000000000e+00
1.000000000000000000e+00
1.000000000000000000e+00
-8.259972854368542450e-01
-8.600143227134346979e-01
-1.524008227111972591e-01
-2.382833268323341080e-01
-1.082533948225590237e-01
4.337252498046826887e-01
3.752211916807113301e-01
-8.374957777988429886e-01
-4.113524468007232482e-01
-1.000000000000000000e+00
7.072618825044173496e-01
3.087056461461918921e-01
-5.438143315968911873e-01
-4.692766676554548377e-01
-6.623983217488642605e-01
-1.000000000000000000e+00
-1.000000000000000000e+00
1.000000000000000000e+00
1.000000000000000000e+00
1.163846284437133061e-01
-4.902350461094018286e-02
6.321121371731242000e-02
8.602821040464176949e-01
5.238165843521311871e-01
1.000000000000000000e+00
-4.275828897354186919e-01
1.000000000000000000e+00
6.130343637701956006e-01
-8.543557474276921582e-01
1.000000000000000000e+00
1.000000000000000000e+00
3.679054195033486518e-01
1.000000000000000000e+00
-1.423539630084932339e-01
9.367412316646159809e-01
5.870747710768817740e-01
3.985836479565687540e-01
-9.096739866602736591e-01
2.113937269854482270e-03
-7.920351772359845999e-01
-4.075340872762956423e-01
-1.000000000000000000e+00
1.000000000000000000e+00
5.488893129159566620e-03
-4.344883100633846196e-01
-2.153577682228154447e-04
7.495814222735384114e-01
-2.665934047614663127e-01
2.990743456805109446e-01
-3.909163762689210064e-01
9.171489226289841756e-01
4.568214520801457124e-02
6.048963502183269947e-01
4.464055944680979104e-01
-1.000000000000000000e+00
1.427008503895971780e-01
1.000000000000000000e+00
6.946917295767990330e-02
1.000000000000000000e+00
-4.633856196132768446e-02
-4.934359011693013053e-01
3.263738237344440130e-01
-3.669137284826688439e-01
6.263379480374060559e-01
-3.509996478287251698e-01
-1.000000000000000000e+00
-7.623465816597312372e-01
1.000000000000000000e+00
4.318829881437294960e-01
8.037500633344746293e-02
8.567798686914926964e-01
1.124024266992135895e-01
-1.000000000000000000e+00
3.964307158319646529e-02
