5.306675659641808540e-01
-7.337058953563531105e-01
-4.946680286060538556e-01
4.428424306468980998e-01
-4.039380976484467922e-01
-2.814754147673135254e-01
7.783255318140316348e-01
2.947840091863165313e-01
5.263694298411221162e-01
-7.175343691172915150e-01
3.247213714109147276e-01
1.453815790823345111e-01
-6.332169357981176638e-02
-3.478218326599913368e-02
5.787374545099257528e-01
-7.920140138240843175e-01
1.065393927444127087e-01
3.092019416018125799e-01
9.547665476051103717e-02
9.120726479075553783e-01
8.153259489752242573e-01
-2.012957491007347777e-01
-8.498926339227077520e-01
8.969702730166806415e-01
9.598771574369064918e-01
-5.888602514051486381e-01
9.785788467867637674e-01
8.555890141794746384e-01
-8.500435131509940234e-01
-6.020012052521706014e-01
5.582004013388734975e-01
6.602873853422690509e-01
-8.402113418893646379e-01
5.005349428995451433e-01
4.829261117051075747e-01
2.111089110322379447e-01
1.936880056925334159e-01
1.046513489800464658e-01
-8.278240310048603501e-01
6.391993327397049729e-01
1.496458130516080676e-01
8.977648990534268236e-01
-1.915070161351506428e-01
6.712259709456795953e-01
3.016531359968332993e-01
4.408324037748123647e-01
8.299429532324529291e-01
-6.347332169846364724e-01
4.062260684051890447e-01
7.439352157211791550e-01
-9.373380993067907951e-01
-8.162751580545684060e-01
-9.409517895716636993e-01
5.162526027219558333e-01
3.976199350461890880e-01
9.407282597318336048e-01
-8.842209647409415840e-01
9.837553944924364302e-01
-7.273007031289429047e-01
-6.444959422982059483e-01
4.614799855994808908e-01
-3.810389196792614008e-01
-1.056613637670404948e-01
-1.845584150737702434e-01
2.452886239453775374e-01
1.883485780415867783e-01
6.636349765008917601e-01
-1.737963969344282766e-01
-9.899383200719682474e-01
-4.625977845534137156e-01
3.238705740377287867e-01
3.293869134246316666e-01
2.664010916259433870e-01
8.892281867946980611e-01
-9.442279118887575429e-02
8.271908124359914627e-01
4.523543597132086980e-01
-9.169184708874600354e-02
-6.574495568083782437e-02
2.449043540530631002e-01
-9.787107503788641250e-01
-5.826123496634230126e-01
-2.457556520748853668e-01
-5.480700291509765787e-01
9.101194735330870866e-01
5.708469455488762723e-01
4.265280014556571686e-01
-4.601043237671431640e-02
-2.031375891686204582e-02
7.223650107002541620e-01
3.950126325480916023e-01
7.997272309023411019e-01
9.659980259468985420e-01
6.118036255663654721e-01
1.468473804722427722e-01
8.913617481782998286e-01
1.647276776857420355e-01
-2.533777275476261082e-01
3.229402618277656956e-01
-9.581316309825462785e-01
-8.170251574169509201e-01
9.428479081749194801e-01
2.893103040597584386e-01
9.238447066746071634e-01
4.002964454479593925e-01
7.207683388847658801e-01
-1.481002770097619159e-01
-9.272370367645546008e-01
-5.792969928129818591e-01
-8.499917066101176921e-01
8.174219743466566435e-01
-8.276647219372101905e-01
9.248887584968281672e-01
-9.926152809745796279e-01
-3.098439369862540094e-01
-1.854776948728911190e-01
2.109478641557165357e-01
-4.501914853706943109e-01
6.225592054464423875e-01
-8.500755620644699917e-01
-3.107388572278546590e-02
6.532494216858886205e-02
7.267985597743975568e-01
1.293662694850297168e-01
7.014787658545904581e-01
6.866015482264744563e-01
-1.118939946039461120e-01
3.124415232588944047e-01
1.452651711966312931e-01
-2.809398549142998469e-01
-4.845293105986843152e-01
8.037691741674801715e-01
2.066608643649154864e-01
3.079069486443668513e-01
-2.391221691683913519e-01
-4.416032733756880546e-02
2.676375152462089346e-01
4.873459736984653290e-01
9.527441430451810689e-03
8.401680160600879521e-01
7.544173256207442613e-01
4.637908278950442220e-01
-9.721038577620420007e-01
-1.141621060994257864e-01
6.106750423324547317e-01
6.100916565751572929e-01
6.266793253126885510e-01
-7.756488897473075017e-01
8.716317596183320582e-01
-8.161363361533375826e-01
9.633764331975913642e-02
-9.084005341003240641e-01
8.365786476345340450e-01
3.165049202400056494e-01
-2.870994498893160163e-01
-7.876851087259719719e-01
9.456787348086836964e-02
8.760859860812262312e-01
5.069940023231591653e-01
-4.369506102343601039e-01
4.567794094459043386e-01
7.970834716929777741e-01
-5.173499799059073645e-01
-9.037031429405040228e-02
-5.021309061502039484e-01
6.045585502626964480e-01
-1.172701263754349910e-03
9.354340993349730127e-01
3.648046019110324778e-01
-1.241635219506411758e-01
-4.466286945436825917e-03
4.617692772605430651e-01
-9.833709856888133150e-01
6.823339643814254618e-01
-4.959911076278571418e-01
-7.566364908089837638e-01
-8.230703996771500108e-01
-1.861807474800472040e-01
8.560492815012847867e-01
3.386513754714284286e-01
-9.829183328691681876e-01
9.076055353103793522e-01
4.936442483970979733e-01
-8.710770820308360030e-01
8.887763644794233198e-01
5.035666023352982634e-01
1.249399564054349820e-01
-4.339247647611226277e-01
-1.678897854758731878e-01
-8.880118172103497187e-01
-9.174481441656803238e-01
1.380068266154688139e-02
4.796532663202124347e-02
3.850931625066460473e-01
3.030647183265011702e-01
-6.036802355478882998e-01
-3.140984518797638181e-01
8.175211687739163402e-01
-2.029230587943431363e-01
-1.798192328035810306e-01
-4.959616260770987051e-01
3.795119591039026741e-01
1.907450865930426787e-02
-9.567982120836593385e-01
-1.878764305299545079e-01
3.545591181959044658e-01
-4.767812126574710874e-01
6.936908311484897283e-01
-3.048808281945338816e-01
-6.356390554648005953e-02
-9.543272529601787291e-01
5.384199761692445296e-01
4.173776915751425953e-01
7.709345309358177634e-01
9.220432900176540603e-01
7.472468704402366324e-01
-6.186678327804464583e-01
9.268632394402196439e-01
9.771322524478667226e-01
8.740478708245844608e-01
9.999933098371955875e-01
5.042442559794073631e-01
6.283550862280407046e-01
2.861310995663257639e-01
-1.031474727012913206e-01
8.115175589361682817e-01
2.237214735724937231e-01
8.424217434845466812e-01
3.385401069116669159e-01
-6.786300400735758576e-01
-6.552414035519764646e-01
-7.381635208335115550e-01
5.317558994216724511e-01
-4.144180611936452152e-01
-2.897664822168792842e-01
-9.568160826802092345e-01
3.001006451416523557e-01
-8.887100781654593273e-01
-7.589023760001849528e-01
2.843350372038928597e-01
4.965434168281563920e-01
-8.693692683532041610e-01
5.787080650203235699e-02
9.626818061094630785e-01
9.133256080808282995e-02
-7.996806706261980757e-01
9.135953335352526850e-01
7.518965670280752800e-01
3.803310504320536189e-01
-7.064703210371481301e-01
5.249039945358386916e-01
-9.807815472852046135e-01
7.470553633581389352e-01
-1.380580811512526207e-01
-5.580916774114563772e-01
2.987875440596421406e-01
5.420242992074177923e-01
5.057180346515859348e-01
-8.719525125495963813e-02
1.364856444005080327e-01
-9.615718637816352832e-01
7.339880488448533580e-01
8.546331321954006022e-01
9.721073932577686261e-01
-5.754554855752200826e-01
