-1.000000000000000000e+00
-5.546662709631299260e-01
9.091349518771054683e-01
7.437809571859889113e-01
-3.143641088383719029e-01
1.000000000000000000e+00
-9.117717269690084336e-01
-6.818954547555547974e-01
1.000000000000000000e+00
1.000000000000000000e+00
-3.663230849746211826e-01
8.373059603878354462e-01
-3.736436765697668250e-01
-5.937868628383031755e-01
-7.461292749085532416e-02
1.149386923096566981e-01
5.967682880180658067e-01
-9.525166712178536610e-01
1.513076056641418921e-01
7.096361024518638150e-01
-2.614484179162712696e-02
-1.000000000000000000e+00
-8.566648138128698520e-01
-5.206570850971120601e-01
-7.618799424847888524e-03
-2.039016079633132750e-01
8.341660672531666654e-01
6.302171802604037421e-01
2.295833428005537580e-01
-8.612840411022272269e-01
-1.977448829916198525e-01
8.374860333293268622e-02
1.000000000000000000e+00
7.248928236428431315e-01
1.000000000000000000e+00
6.676840138547306402e-01
8.428440207850840249e-01
-9.391304228014374367e-02
9.936756556918884264e-01
-3.627180988459475230e-01
-6.233295048690682405e-01
6.890652756344160801e-02
1.000000000000000000e+00
5.747054446394347371e-01
8.163008581052125789e-01
-4.598144649245073379e-01
5.974231454994787249e-01
1.000000000000000000e+00
-3.878033247289067731e-01
-4.681006407648793388e-01
-4.465531697526560206e-01
1.000000000000000000e+00
-9.336716285614994337e-01
9.968585135854920454e-01
-3.716400961582287388e-01
1.011674242194852413e-01
-9.827836580555542323e-01
-4.686600002347031668e-01
-8.980511601335837701e-01
-1.000000000000000000e+00
5.448940963042139263e-01
-7.426196131317432947e-01
1.000000000000000000e+00
-7.772211757603181281e-02
8.531296392833723763e-01
1.000000000000000000e+00
-9.729218212531389742e-01
1.000000000000000000e+00
-6.184729566574561632e-01
9.106720044631990696e-01
2.505649218936747274e-02
1.803917698017560856e-01
1.675304550532419334e-01
8.508405022826652786e-01
5.149853284829613020e-01
7.834337112600868736e-01
-7.569118494183177948e-01
-7.603599220454552166e-01
8.457227025961859823e-01
-1.831686445066662561e-01
2.719932256374619772e-01
-2.323500039597777567e-01
3.644531205964229859e-02
-2.888320509933464675e-01
4.224553083919523333e-01
1.400846392866162970e-01
7.362073562324678022e-01
-6.480127616961713910e-01
2.179029274050008347e-01
6.041006796905761256e-01
-6.488249560178150910e-01
1.824211089350676884e-01
-1.000000000000000000e+00
-8.347000402976236799e-01
-5.085296908158264406e-01
-1.000000000000000000e+00
-1.796048228559058157e-01
-1.000000000000000000e+00
-2.494093659484339920e-01
-1.000000000000000000e+00
9.890088949825277531e-01
-7.834982293374144202e-01
-2.156927725112596228e-01
-6.199509515190173570e-01
-4.506704809023200919e-01
4.926306262942825587e-02
-7.818547767711531149e-01
2.246061715363441291e-02
-2.403450920818113457e-01
9.356626725156189650e-01
8.297008248110133710e-01
5.459862675815033151e-02
-1.000000000000000000e+00
7.656919265397010843e-01
8.121827599887317950e-01
-9.225042189530937575e-01
1.000000000000000000e+00
8.891070856758483965e-01
2.078762886503406904e-01
6.807768387526292875e-01
-1.837831853027993567e-02
4.948058249317688340e-02
-2.089735139978020628e-01
-7.205589000130159238e-01
2.884873200937829729e-01
7.643653574686551933e-01
-1.000000000000000000e+00
2.477343168456858091e-02
3.698582455546285397e-01
-1.320823678105834675e-01
1.688843468861150332e-01
2.423637872667944448e-01
-2.950791477030290100e-02
-7.704418639032704075e-01
1.000000000000000000e+00
-4.093002133434844869e-03
5.729147639976215345e-01
-6.232334429303865164e-02
-6.949034623278376177e-01
9.546417254104064831e-01
-8.607966773517683468e-02
7.188674769957197341e-01
-3.177335506389502573e-01
2.409792231416853503e-01
-1.537498428120369354e-01
-3.701376723216923126e-01
-1.000000000000000000e+00
3.867086943100714325e-01
1.000000000000000000e+00
-4.204797928435770604e-01
8.951366693569755562e-01
7.520239969373868627e-01
1.000000000000000000e+00
8.239702634083538868e-01
-8.100514111817210816e-01
7.409010919824476904e-01
-5.304790858193988434e-01
-3.909730044300767093e-01
-9.864269126410419863e-01
1.097001805598616930e-01
3.376387843391000509e-01
2.037351069911315093e-01
-1.000000000000000000e+00
-1.054601287145856270e-01
-7.490898722937753273e-01
-6.612268731747610317e-01
2.568007485344566687e-01
8.375538717533648203e-02
-9.744650053584225091e-01
7.756921800967884195e-01
-1.000000000000000000e+00
2.956685419061776121e-02
-5.837832986663351598e-01
8.367478923746576314e-01
3.449486965024432528e-01
-9.814090312029172258e-01
7.294611487615463297e-01
-7.340949709522526234e-02
-5.401719837142593406e-01
5.507794174134784670e-01
-8.234111713321662362e-02
-1.000000000000000000e+00
-4.448450545420779001e-01
5.330186205697107216e-01
-1.637701655869530093e-01
-6.735450693307496461e-01
2.592074386885320214e-01
9.514125363112511113e-01
-2.648158717803881235e-01
-9.392078324377259868e-01
5.451022435220196360e-01
6.981140486602832596e-01
2.669166708606585114e-01
-1.000000000000000000e+00
8.551315019064229528e-01
-4.566965389784422014e-01
-5.295453393139495368e-01
-8.265012699255259720e-01
5.686986800271416342e-01
-3.840543563947214079e-01
1.000000000000000000e+00
5.960443109366502235e-01
-8.680896070849962731e-01
3.124449408179927334e-02
-1.000000000000000000e+00
-3.423892589281786192e-01
2.139673414718532840e-01
3.115341370652704445e-01
4.211047652362143179e-02
4.790081047836769468e-01
3.234498697989585114e-02
3.976477878965376522e-01
4.369803543844066190e-02
6.207952519944199832e-01
1.295522605307963815e-04
-7.524921830460764571e-01
1.000000000000000000e+00
-5.129516993128054869e-01
-2.065490626211513581e-02
-1.000000000000000000e+00
7.657971974745937382e-01
-1.998636703233324097e-01
8.132104462466753780e-01
5.432521099321149793e-02
3.626200144190186436e-01
1.650678571486901003e-01
1.000000000000000000e+00
-4.688894454147576329e-01
-2.548544250703724812e-01
-7.550978932843270819e-01
2.938239556373178907e-02
5.205881948088334488e-01
-1.000000000000000000e+00
7.584178651733937127e-01
7.989588727081207153e-01
-5.568644455580795682e-02
-6.728260515353656768e-01
6.728793008776664530e-01
-1.000000000000000000e+00
9.664277039464201913e-01
-1.000000000000000000e+00
1.869162586341108767e-01
1.000000000000000000e+00
-2.513292701213096780e-01
-1.000000000000000000e+00
-6.956244879929298630e-01
7.916822469762702097e-01
-7.476164274559703449e-01
1.000000000000000000e+00
3.453441485727524185e-01
-6.554124713719555739e-01
8.182697999425769808e-01
-2.807837259288512577e-01
-9.126079001200518848e-01
-1.268541302276587346e-01
1.000000000000000000e+00
-1.154653275714667693e-02
-2.016384686002243298e-01
5.296633848754721541e-01
1.000000000000000000e+00
-9.733735781005137255e-02
-6.869673658331083566e-01
1.000000000000000000e+00
7.728493375471036098e-01
1.000000000000000000e+00
