2.894252407263128157e-01
-3.336727017076931978e-01
-1.000000000000000000e+00
4.052534187792351528e-01
4.325594048202083819e-01
5.366496049409272828e-01
4.649191569900630316e-01
4.817227114112853648e-01
3.864031496198279125e-01
-3.229863845193923222e-01
-3.560203496000948764e-01
4.025509295774480911e-01
3.142283210558467488e-01
-9.806269057025430724e-01
6.884953783775250580e-01
-1.000000000000000000e+00
6.280797525186825325e-01
9.802047227481264224e-01
4.961317308775330948e-01
5.782540254097027210e-01
1.835282923139927580e-01
-2.794433351403922128e-01
-1.000000000000000000e+00
6.665026013899330026e-01
7.865310491351302780e-01
2.112181258468762701e-01
-1.000000000000000000e+00
-1.000000000000000000e+00
-9.934590493320851756e-01
1.686579244565615809e-01
5.340151765052107979e-01
4.892969181913531251e-02
-5.646318722592101880e-01
1.000000000000000000e+00
-6.376975680135719138e-01
-1.000000000000000000e+00
7.438675833600640885e-01
-5.222044489181079108e-01
-7.040309503431745330e-01
-2.923781374365413965e-01
8.773357409956050734e-03
-1.000000000000000000e+00
-4.298000228371473552e-02
2.880343453540821219e-01
-7.289112590228730149e-01
6.337070076893482895e-01
-8.507817787819779154e-01
-1.000000000000000000e+00
5.400533238765425209e-02
-1.000000000000000000e+00
-6.536360289475859897e-01
5.423347219337363301e-01
5.240701002463972191e-01
-1.000000000000000000e+00
1.000000000000000000e+00
-7.159925939147034901e-01
-1.686853294615620058e-02
1.000000000000000000e+00
-4.873452428006293524e-01
-4.275499794744309079e-01
-1.000000000000000000e+00
-1.000000000000000000e+00
6.488706177552721055e-01
5.506850188935548118e-01
4.862209250373461522e-01
-9.130293076087557802e-01
-9.861458664526279172e-02
1.000000000000000000e+00
4.473989385720348322e-01
2.872302978424945419e-01
2.513474960043621254e-02
-2.557027342485338611e-02
1.000000000000000000e+00
1.000000000000000000e+00
-8.642268238781498635e-01
9.393085019825309079e-01
-1.000000000000000000e+00
9.011472748076987394e-01
-2.078931523164045392e-01
-8.613416367927153594e-01
1.192819831558862148e-01
-8.869097029682260214e-01
-3.926022558918730587e-02
7.059072833283714932e-01
-4.594748691697260190e-01
-2.567139332063660406e-01
-1.212146096448321192e-01
-7.605615559340259679e-01
-1.000000000000000000e+00
5.382428360154283276e-01
-1.000000000000000000e+00
5.136452990466100488e-02
-1.000000000000000000e+00
-1.000000000000000000e+00
1.000000000000000000e+00
-9.706427835359698886e-01
-5.365905536713142521e-01
-6.271873754767560705e-01
-1.000000000000000000e+00
-6.184802261758197695e-01
-1.607196130767764020e-01
2.546598977572221423e-01
2.084495046622806824e-01
1.000000000000000000e+00
9.294466367400644469e-01
-5.025444505530541894e-01
-5.108235565003086398e-01
1.000000000000000000e+00
-5.182746719877701080e-02
5.142056549078072303e-01
1.000000000000000000e+00
-4.465941154220703369e-01
1.000000000000000000e+00
-1.000000000000000000e+00
-3.170780390954935357e-01
-3.716531829296587652e-02
1.000000000000000000e+00
2.490359569769034220e-01
6.925820768777805059e-01
1.000000000000000000e+00
1.000000000000000000e+00
-3.501733153964449174e-01
-4.859922099518251271e-01
-7.539396809250804576e-01
-1.000000000000000000e+00
-1.000000000000000000e+00
-4.010560590002301140e-01
-1.000000000000000000e+00
-1.000000000000000000e+00
-4.375709963200826169e-01
-2.036487429982458131e-01
-1.000000000000000000e+00
5.270121192474613858e-01
5.812608415056814692e-01
1.751883433074562513e-01
4.109930888222514955e-01
1.000000000000000000e+00
9.379707929323831683e-01
-5.110928467136810482e-02
-2.272947310855375491e-01
5.434539888617384573e-01
9.552472074132345448e-01
2.915958227424279015e-01
-7.579966632519788972e-01
-9.999222305317172488e-01
-2.527111419265051784e-01
1.133199535698010685e-01
-1.000000000000000000e+00
2.361943897705729919e-02
-1.663699463683319113e-01
-8.860607514356403369e-01
2.883201477676438085e-01
-5.475491714121235587e-01
5.517522471956068930e-01
-1.000000000000000000e+00
-5.696001579899888645e-01
1.000000000000000000e+00
-5.198946570447672277e-01
6.602277471759477878e-01
-2.256239129567106927e-01
-3.376821258222499900e-01
-4.237614836803571539e-01
5.706698016072687674e-01
-1.000000000000000000e+00
-6.617446627431209372e-01
6.121192912063333491e-01
3.908123073050253637e-01
-1.000000000000000000e+00
3.226383456619433820e-01
-3.528943849416630307e-01
-1.000000000000000000e+00
-9.251685903002492273e-01
7.071275693298005871e-01
9.832722408155558647e-02
-4.489391999908859954e-01
-6.563278746544844999e-01
-1.000000000000000000e+00
5.659971342337219991e-01
-6.180335334047748486e-01
-1.000000000000000000e+00
-1.000000000000000000e+00
1.000000000000000000e+00
2.464401274654910712e-02
-1.000000000000000000e+00
4.646809083085046144e-01
1.000000000000000000e+00
3.242413656809961520e-01
6.887385163999587556e-02
2.728202905375513576e-01
1.000000000000000000e+00
7.977730181035064261e-01
9.180555707288351464e-01
1.000000000000000000e+00
8.437907791530752100e-03
-2.630883119291264061e-01
7.651140665848468192e-01
-1.000000000000000000e+00
2.165962372235125388e-01
7.260072923882503471e-01
1.101185599969261020e-01
2.295790725712703040e-01
9.804651751303516960e-01
9.223050277757460780e-01
-1.000000000000000000e+00
-2.627127008564946256e-02
-3.402416844189992684e-01
-8.319130245287027769e-02
1.000000000000000000e+00
1.000000000000000000e+00
1.000000000000000000e+00
-1.000000000000000000e+00
-8.883474882497692793e-01
1.000000000000000000e+00
9.417263043761634478e-01
2.978804326527506596e-01
-1.706033156023296082e-01
-4.234601344449252514e-01
-6.103477078923889021e-01
-1.000000000000000000e+00
-4.882435231405732878e-01
1.261407439815930009e-01
-9.655331527213153464e-01
1.072415221433473675e-01
-1.000000000000000000e+00
9.196817211225716271e-02
1.000000000000000000e+00
1.000000000000000000e+00
-1.000000000000000000e+00
5.972922038462621930e-02
7.595571450394060786e-01
1.408034316646690209e-01
2.312150164690707499e-01
-1.495845185816080947e-01
-4.339966818758594358e-01
8.915304148035452236e-02
-5.686487343126762628e-01
-3.417900775295474314e-01
-2.112374082703533107e-01
2.018851478377126085e-01
1.912053127813869713e-01
3.226747719830043715e-01
4.162064583606659429e-01
3.001602853417855155e-01
3.406288920946602961e-01
1.000000000000000000e+00
1.022888926036925605e-01
-6.231609675847324947e-01
-5.478041040655103888e-01
5.748806852820416147e-01
-1.821131969506297743e-01
-6.567248364663648141e-01
4.052468012151957955e-01
1.777073649747606399e-01
2.998089712077400826e-02
1.387052010561529158e-01
-1.000000000000000000e+00
-3.918128136235150549e-01
8.038455603343106493e-01
1.000000000000000000e+00
1.000000000000000000e+00
1.000000000000000000e+00
1.000000000000000000e+00
8.635799476638023053e-01
2.050427294970579295e-01
-1.000000000000000000e+00
