-2.219306348057892286e-02
-7.522155693076681970e-02
-2.162487579569781770e-01
-6.618682815711772749e-01
1.491661637619444702e-01
-4.817640051066407469e-01
2.196994268880407830e-01
2.021869631345042384e-01
-1.716066230504978973e-01
-4.187981377814086192e-01
1.000000000000000000e+00
2.186103421501823796e-01
1.000000000000000000e+00
-1.504249379043320900e-01
-6.525493183441710698e-01
-3.315033304667445724e-01
6.443560972590645086e-02
9.402389830031121498e-02
5.842782486531528097e-02
9.646760038106302337e-01
-3.878826167313630391e-01
2.006171409054705590e-01
-1.000000000000000000e+00
-6.215773166084507251e-01
-4.178743300039193254e-01
-1.390224540465029024e-01
-2.265496888434803680e-03
-5.578630340005730215e-01
-2.086366632992761594e-01
-1.048246967088442561e-01
-7.588269920932888546e-01
-2.666442369353156927e-01
1.000000000000000000e+00
-5.909206109715905431e-01
1.831243658804961871e-01
1.000000000000000000e+00
9.484286350075195049e-01
1.670696035010019731e-01
-1.000000000000000000e+00
5.110285213815825012e-01
-1.548381480457432791e-01
3.630045821991462751e-01
9.818849828640408006e-02
1.000000000000000000e+00
-1.000000000000000000e+00
6.854259642601111535e-01
6.005057134243815264e-01
-2.735830272387058670e-01
-1.000000000000000000e+00
-1.000000000000000000e+00
-3.650065874088707085e-01
6.647712621655148535e-01
1.000000000000000000e+00
5.283585553344717356e-01
1.000000000000000000e+00
-1.000000000000000000e+00
-1.668774042810317049e-02
8.912658088144762569e-01
-5.729073236615487286e-01
1.000000000000000000e+00
4.101750586424193767e-01
1.000000000000000000e+00
-1.000000000000000000e+00
-1.000000000000000000e+00
2.752140425755252862e-01
1.932535626448950161e-01
1.000000000000000000e+00
-2.683802363620936271e-01
-1.000000000000000000e+00
-5.436379446721519848e-01
1.352364835700309020e-01
-9.219995927682430592e-01
1.000000000000000000e+00
9.033746777783816517e-01
8.198216626282043284e-01
-9.460531889450004561e-01
3.780088419426758106e-01
6.118460537264429622e-01
-5.938929551823759478e-01
-1.000000000000000000e+00
-3.726224069310075659e-01
-1.670779136318173985e-01
-1.000000000000000000e+00
-6.529117882319994681e-01
9.966874870332138592e-01
-1.000000000000000000e+00
-1.000000000000000000e+00
2.114304632491497138e-01
-5.832729178143567506e-01
-3.469088015053262142e-01
8.727039017602113979e-01
-4.207015971778104158e-01
-4.602580788796837852e-01
4.879851411359379387e-01
-1.000000000000000000e+00
5.265349260010565580e-01
-2.871069026568817684e-02
-5.043959063678937760e-02
1.000000000000000000e+00
9.724086447672302125e-01
3.975733480428744748e-02
-2.407739115925977558e-01
1.258081741090356642e-01
4.275034520300705632e-01
5.153607374773959693e-01
9.773553514524693231e-01
-2.981682463263491956e-01
8.548323247972328121e-01
1.000000000000000000e+00
1.000000000000000000e+00
8.314380529234810524e-01
-8.122435323200993817e-01
5.616836120356704098e-01
7.107651385780956454e-01
-4.086779754989255942e-02
1.000000000000000000e+00
-1.000000000000000000e+00
-7.002675810857762473e-01
1.000000000000000000e+00
6.993648823675732151e-01
6.711850867267411536e-01
4.300510602322866749e-01
1.535831261306790374e-01
-4.537648234459092933e-01
-6.774831145738612337e-01
9.580184258500908934e-01
-5.542416424563956223e-02
1.000000000000000000e+00
2.167033850014577490e-01
-2.329349519396244350e-01
-1.000000000000000000e+00
-2.335667392053855096e-01
1.295219290442457538e-01
5.383594358693978288e-01
-2.450357752535269329e-01
2.129145696005607380e-01
-1.000000000000000000e+00
-1.000000000000000000e+00
-9.128739473328038034e-01
2.364862296023492183e-01
-9.394585841742457422e-02
5.971867979145926153e-01
-1.681528585576130275e-01
-8.452599780619935999e-01
-1.000000000000000000e+00
9.857842750170042745e-01
7.492519023071924078e-01
3.111827746449458698e-01
4.594973226990446691e-02
-3.052156819244971064e-01
7.495180284572958707e-01
-2.120425997486733924e-02
9.563360821094010200e-01
3.571190361751311326e-01
1.000000000000000000e+00
4.367228650710502924e-01
-2.934596830380427068e-01
8.704651177642650506e-01
-1.000000000000000000e+00
1.468096476139773010e-01
-3.063801401817720649e-01
1.000000000000000000e+00
1.000000000000000000e+00
-2.950398021429967432e-02
2.850884808548536653e-01
1.000000000000000000e+00
-5.940472595147567869e-01
6.059102921753547477e-01
-4.411449772010157533e-01
-3.258346405486677311e-01
-3.072581205096468482e-01
-2.173215303462672221e-01
-1.143069047171689223e-01
6.739665252039150900e-01
4.287611701690436927e-01
-5.916979482400148704e-01
-1.000000000000000000e+00
-2.143600929623280527e-01
-1.000000000000000000e+00
-1.000000000000000000e+00
6.677719935867352241e-01
-1.000000000000000000e+00
1.067949172101374522e-01
5.893482019953555362e-01
7.033969565409387004e-01
-9.872076603133959072e-01
7.245242593687496457e-01
-8.687608820182745051e-01
-3.056502988942394472e-01
7.028314476898186447e-01
2.383271867659179089e-01
6.173459565694260354e-01
-6.716636060935635699e-01
6.463239028921500262e-01
-1.000000000000000000e+00
-1.434180635742808296e-01
5.624155816711033928e-01
-9.886996832909227262e-01
9.326823745488881379e-01
-7.976672055846557585e-01
3.701391648906825482e-01
-1.000000000000000000e+00
6.189585734305598219e-01
-9.136233869056156198e-01
-8.854929627659149372e-01
1.000000000000000000e+00
6.145769631565328739e-01
-8.801742813008692767e-01
-6.615055202851349847e-02
8.862781177790336473e-01
-8.516382704656348945e-01
-2.520359713356344344e-01
-1.088064408103137093e-02
1.000000000000000000e+00
5.912599147422333834e-01
-2.672011167635616503e-03
3.868491102439419738e-01
-4.185626528344044139e-01
2.142539939025381868e-01
1.000000000000000000e+00
-7.310834056611275056e-01
3.400374762952663721e-01
9.292952591700749387e-01
2.330602197124365116e-01
1.000000000000000000e+00
-3.708485059921943217e-01
1.845674815620869103e-01
9.918847240664925291e-01
-3.205390384548984506e-01
3.676062943448192843e-01
1.000000000000000000e+00
-1.000000000000000000e+00
7.181974273420730359e-01
7.228699694992848923e-02
6.645383565551410410e-01
2.261991169417617575e-01
4.555798123752972106e-01
4.068340676561386648e-01
-5.572237274985574196e-01
9.451682140435205826e-01
-6.317321988646251718e-02
7.430026475206623626e-01
6.168708510404672385e-01
6.855422985416037562e-01
1.000000000000000000e+00
5.108006297659775097e-01
7.343311683841904358e-01
5.176940066455693046e-01
5.247507996869664737e-01
1.756861967906658828e-01
7.834039142389198629e-01
5.803794117443548117e-01
3.673706649082140174e-01
-3.327584984405833057e-01
-6.461239892678457553e-01
9.560600187223263768e-01
-8.138941273500381879e-01
-2.656525878679536490e-01
4.652565917959150532e-01
-6.419972401502372916e-01
-4.237577779647137000e-01
1.000000000000000000e+00
8.963268512271005406e-02
9.707931679793593283e-01
-2.743473996033692353e-01
