1.000000000000000000e+00
-4.406643285436151469e-02
2.582660081683009756e-01
6.068450859665797115e-01
5.212656293421107367e-01
7.446688297000632062e-01
-1.000000000000000000e+00
1.000000000000000000e+00
1.499935112587872099e-01
-4.979035165170133115e-01
7.036378609582838450e-01
-1.000000000000000000e+00
-7.769507934117345638e-01
-1.000000000000000000e+00
2.400100447474280418e-01
6.104389636511687867e-01
-9.841889199323177184e-01
-1.000000000000000000e+00
2.138000856358530655e-01
9.339755375507627910e-01
-8.802455899607530831e-01
-1.000000000000000000e+00
-6.459770029576176187e-01
1.000000000000000000e+00
1.000000000000000000e+00
1.000000000000000000e+00
-6.979985914532469415e-01
6.188446432444978385e-01
1.000000000000000000e+00
-1.000000000000000000e+00
-1.000000000000000000e+00
-2.335419625159518564e-01
-5.910939744906517079e-01
1.045692692903564813e-01
-7.446452319473733095e-01
1.000000000000000000e+00
-7.566531224269253952e-01
1.000000000000000000e+00
-4.672499110104640918e-01
-3.391449410438051038e-01
6.864431681834315402e-02
6.465003292990281203e-01
1.000000000000000000e+00
-3.703055475228975713e-01
-6.254654735830387224e-01
-1.000000000000000000e+00
-1.455882192583347612e-01
1.000000000000000000e+00
7.763736839428099223e-01
8.366808446349454087e-01
-9.559462700904658439e-01
-7.947314308343900180e-01
8.972931247011369793e-01
-1.000000000000000000e+00
-3.599337659298789127e-01
1.000000000000000000e+00
8.023646421050956157e-01
1.000000000000000000e+00
4.617137563231514807e-01
7.177560878891174889e-01
5.122266468026726027e-01
-7.091432897530518531e-01
-3.508857088866390583e-01
9.809867705430839191e-01
-1.553630675809138939e-01
2.069152164900186497e-01
-8.722752163303442163e-01
-2.533204093388351508e-01
1.546991955123613316e-01
-6.868382174349711988e-01
-7.235407606382144863e-01
-3.232273424946793261e-01
1.000000000000000000e+00
7.916265280396027615e-01
8.675072699959716083e-01
-3.479595771563144813e-01
-6.005220548169493133e-02
-5.709203615125013620e-01
6.098205105043718044e-01
-2.598953636487733587e-01
9.208202133251524035e-01
1.808726615515727221e-01
-2.592132014139014173e-01
-1.000000000000000000e+00
2.988025048083918223e-01
5.105953601169714862e-01
6.438232293127570394e-01
1.548691844583864330e-01
7.225892850275157375e-01
1.787990048607052129e-02
6.474529381213703916e-01
7.976205874343939017e-01
-1.000000000000000000e+00
-1.218679367323341756e-01
1.324978170339574657e-02
-7.452950039690479089e-01
6.815539228877285360e-01
4.768707758736094870e-01
1.099681924939703431e-01
-2.749423294175175059e-01
3.157282621777293685e-02
-1.526221419977269456e-02
4.688175698668746172e-01
1.000000000000000000e+00
-2.509911731578420291e-01
6.803380560838556690e-01
5.731462580396886608e-01
5.876612540550121278e-01
-4.513895643059133711e-01
-6.232196799604624582e-01
-7.290484074614165255e-01
2.891743174881201695e-01
3.757141996635166015e-01
8.910247242549934610e-02
-9.502140519949129338e-01
-3.368798764048741567e-02
-9.957959139880168120e-01
6.732693116342444717e-02
-1.000000000000000000e+00
5.578590627795347590e-02
1.000000000000000000e+00
6.941514907371315601e-01
4.628772981953019339e-01
2.046009565155477716e-01
-1.000000000000000000e+00
1.757746807478671736e-01
2.427988801935497543e-01
9.091276782581636517e-01
-9.142692390809165071e-01
7.193523134464259172e-01
-4.455903207798720400e-01
1.000000000000000000e+00
-2.269493348568352442e-01
-4.697132198496501987e-01
1.000000000000000000e+00
7.302523781930689295e-02
1.030346866828385499e-01
-6.322270813748451235e-02
-1.000000000000000000e+00
3.310112069186141870e-01
1.881019053283539133e-01
-5.644958034574065753e-01
-6.314273405166229147e-02
1.000000000000000000e+00
-1.910880363631960177e-01
-4.613447521889065261e-01
-5.735602207818699116e-02
5.332063256399059981e-01
-1.185017555984803628e-01
3.386039758183611026e-01
3.845924482165432590e-01
3.248336119836325864e-03
-6.670214578417067441e-01
-8.784354187541119074e-01
-3.519727524799562413e-01
-9.223912979829148595e-01
5.622084831114735337e-01
-1.000000000000000000e+00
-2.296789737276818677e-01
4.109553760041628756e-02
1.146934045603295593e-01
-8.497638054722241874e-01
3.613667068103012525e-01
-8.371999574878068451e-01
5.217687293883119803e-01
-1.335214100606861853e-01
5.284953184851370889e-01
1.286528997164090304e-01
-3.570229630593032555e-01
-4.730649324432080749e-01
1.600468432991357659e-01
1.000000000000000000e+00
-1.000000000000000000e+00
-4.879482091081557282e-01
7.152126201184696441e-01
1.446334493620771988e-01
5.435836338212585162e-02
-3.051931733054872864e-01
3.246054692765679150e-02
-8.353811247597668910e-01
-2.208001196689381995e-01
7.731590405518313780e-01
6.835149301066076877e-01
5.311586468989392129e-01
3.941292088843939556e-01
-1.000000000000000000e+00
3.883184722842314418e-02
-1.000000000000000000e+00
-1.000000000000000000e+00
7.856078582749896899e-01
4.950009714452185960e-02
9.865319742066602782e-02
7.279375096158517966e-01
1.000000000000000000e+00
-3.754806326952090934e-01
-9.829117242881331151e-01
6.807508087746277914e-01
-7.371336231605751799e-01
-7.571905549560656867e-01
-2.354636454792981559e-01
1.000000000000000000e+00
7.594629944626286600e-01
6.829057962889745204e-01
-7.065248027640398387e-01
-8.112502126792989765e-01
-5.422115083405882885e-01
-1.142797670096559193e-01
2.669138671732851908e-01
-1.056443818467055484e-01
-1.375498521918084860e-01
-6.938296974294635433e-01
5.057043496669981764e-01
1.009114682565093735e-01
3.795176325630010838e-01
4.574316476347745075e-01
-4.179153401449190453e-01
2.176912910227924713e-01
9.140168709365623645e-01
1.000000000000000000e+00
-3.474591633702424631e-01
1.000000000000000000e+00
5.067253734756849148e-01
6.370657309443129857e-02
-2.164219146577782138e-01
9.618428592547759171e-03
-6.825973332146650918e-01
-2.294188734415177899e-01
-3.372908821244622324e-01
4.767367266831628037e-01
5.531823841805354469e-01
-2.456545262796332452e-01
8.765598882909280132e-01
2.040282268949127342e-01
1.000000000000000000e+00
5.156008588202899423e-01
-7.227778887676250541e-02
-2.859968079871808566e-01
8.654174793831772572e-01
-7.982705396658735797e-01
-2.840175528412892114e-01
-2.602267016550291467e-01
-5.983123009397710579e-01
8.555905667972120154e-01
-1.191091787977258676e-01
8.326328197447749324e-02
3.525995077308121117e-01
-1.312559488466531477e-01
1.000000000000000000e+00
-5.996269362073527454e-01
1.000000000000000000e+00
-9.065991553247396695e-01
-1.000000000000000000e+00
8.273422347162071588e-01
-2.223029659694157334e-01
-2.308689886518097423e-01
1.066051099125575330e-01
-7.727158903627169284e-01
2.781027961650182068e-01
9.329147869912874924e-01
-4.091113135095471587e-01
-3.533055479461354453e-01
-2.232309139698867018e-01
-8.422222761628320731e-01
-3.470434073964867583e-01
3.339599176214482767e-01
