-4.103919930888293433e-01
-1.096520341827498246e-01
-6.325961737238774418e-01
2.226252325925903719e-01
4.682957300043768534e-01
4.806833782457378135e-01
6.418977086372141816e-01
-5.005316873256093757e-02
-5.844036778870957960e-01
5.426298040456134508e-01
-4.148685762877384331e-01
-4.559538110833742941e-01
-4.275367982903333086e-02
-7.272045679064507162e-01
-7.900161711077116067e-01
4.579821544118189980e-01
3.000579795877866829e-03
2.648967107410276078e-01
-5.327010940698138075e-01
1.759053589890497982e-01
9.797439583064824209e-01
5.809472988399899673e-01
-1.850010037197358237e-01
9.927187595961513011e-01
-4.116627731980222471e-01
5.620367955235485713e-01
-7.721344851919376140e-01
-8.693919415476261126e-01
7.498422839351779334e-01
8.959197650460564155e-01
-4.736176469362038954e-01
7.560135124791922401e-02
-6.037547826444102927e-01
-5.384009970198544437e-02
-6.630069897570918247e-01
-5.934554406896499490e-01
9.272417133071839679e-01
4.969335028711396873e-01
-5.474531727432327965e-01
6.489595120500697423e-01
4.039969346185341426e-01
2.693346717654088174e-02
8.735388194213473678e-01
-1.842680259989246672e-01
5.155421831313495851e-01
-5.438844727652110134e-01
9.396594948422776206e-01
6.974840638381938351e-01
-1.101113316007442666e-01
9.776607837068869156e-01
3.961407883417349396e-01
-7.043592307316437484e-03
-4.396567142363785319e-01
-4.342033994297684885e-01
-1.814841469074768288e-01
-5.377175690747877379e-01
2.535660510744257579e-01
6.695104003515164326e-01
9.847605915354951112e-01
5.006399542085038235e-02
-2.312628167390802236e-01
4.992691191047931021e-01
9.611217970621843687e-01
5.687232976974527787e-01
-3.565281303154193004e-01
-3.827857118731687880e-01
1.248157932938243064e-02
-9.094232636248920087e-01
4.612599013290350491e-01
9.590507195293529463e-03
-4.995494972295249081e-01
-5.385133881412174084e-01
-6.225557528183309763e-01
7.269360810206408896e-01
-8.996243699659118853e-01
-6.638412740416832492e-02
-5.096000477087001546e-01
5.967694479591156842e-02
7.331231940666163016e-01
4.385102078829810068e-01
6.660925539897131209e-01
-5.303083654218254672e-01
6.322214674398196621e-02
-2.880046495105941240e-01
-4.344657936924569697e-01
1.445193203902168655e-01
-2.047528359511283647e-01
-4.896048388221647674e-01
7.755286918145698483e-01
-8.077449637005216232e-01
7.994963927106111257e-01
8.293896698283931279e-01
2.159736571382220305e-01
-4.774084586660494178e-01
1.507757740253792278e-01
-3.219630220164819701e-01
5.224521314804151384e-01
9.590563521885342446e-02
-6.399822270121284795e-01
-5.983369148731996212e-01
7.817915966723809618e-02
-3.520782021173065601e-01
-7.546629982500399070e-01
-9.745602593570594774e-01
7.808846105474771537e-01
-6.147076757125951030e-01
-1.526927899838304015e-01
-9.346509220066212542e-01
-3.801886826966280886e-01
-8.065272314705849155e-01
8.317457538360506497e-01
2.924025141236605840e-01
-9.520204068513620221e-01
-2.656359393604705854e-01
6.993378938498000519e-01
-2.078549494224672944e-01
-8.055600808658396339e-01
-7.715771643257074430e-01
-2.679704496606696296e-01
4.243254974454588879e-01
-9.418849125061854455e-01
6.239541794579674949e-01
-7.697792772087537205e-01
2.492801782834916935e-01
3.765298717576641696e-01
-1.287676778389790222e-02
-3.338550554459134290e-01
-2.674099847185116285e-01
-4.121161761372404975e-01
-1.164142948155921786e-02
7.004848565843384556e-01
6.177047795796763996e-01
9.574826239162861352e-01
-3.081982443914017544e-01
-8.257463481339937239e-01
2.767755343103983634e-02
-4.158101994537504176e-01
8.684500795930578665e-01
3.464132328331714916e-02
1.784770571091855995e-01
5.049653774385285399e-01
6.274963691651396225e-01
3.208534797895650215e-01
-6.096339684256308900e-01
-7.991606224503324807e-01
-3.939743408326936702e-01
8.429984966849890515e-01
-2.817967662872056245e-02
-7.368843344902642478e-01
2.454304041814086013e-01
5.577782880440260715e-01
-5.622625992930152528e-02
-3.005647973779932425e-01
-1.888921100723306434e-01
7.767303550869675277e-01
4.658835886467647125e-01
-1.448755619429207275e-01
-2.743504073638309837e-01
-4.504098071821571736e-01
5.606057710777341274e-01
-3.421735014927711482e-01
1.949756570773035769e-01
9.562305638851866796e-01
9.901986189780305203e-01
-3.764811024393268646e-01
-4.360311655708934975e-01
-3.593847776405307837e-01
2.686723348980044612e-01
-2.021333286263176099e-01
-3.836932088135416308e-01
-1.187131644346559600e-01
7.070196565593656057e-01
7.783887024445896863e-01
-9.343373771073624212e-01
-6.381172177630696218e-01
1.964445166157873235e-01
-4.050836911625474990e-01
5.843998495949311867e-01
9.716335018662418666e-01
9.940183590697186933e-01
-6.118556504658914097e-01
-8.539593484882315177e-01
-5.968219789550242016e-01
-4.621815415314403097e-01
-6.946142004284849847e-01
3.716108246311009555e-01
-7.002393610174393324e-01
2.533730171829493560e-01
4.135691086922665960e-01
1.610751438380833012e-01
-3.795400024266475381e-01
-3.676078441734094149e-01
-1.417495672396971162e-01
-4.611998467841869065e-01
3.866302559563201680e-01
3.176827981594665395e-01
5.486913459362265932e-01
-4.401259500569738581e-01
-4.774116481986556693e-03
-5.876549753998938641e-02
5.035794138631182193e-01
-6.516449452064669856e-01
-4.189728267964474284e-01
5.007750852515231443e-01
4.072080878510186963e-03
9.091853968535634767e-01
9.739417429010801541e-01
2.153928724596534394e-01
1.079155307526113994e-01
5.585622531098612953e-01
-9.640759144940231895e-01
-2.903360294909305139e-01
-1.912134563320861957e-01
3.342103122401172133e-01
5.383769267704696659e-02
1.629298100911686920e-01
8.209498605955019013e-01
9.946969342832399086e-01
8.545118134638229890e-01
4.271233004227905639e-01
-7.613202981958759885e-01
-5.038878753187325810e-01
7.040719094037257708e-01
-1.401000518695842967e-01
-7.195980601054312586e-01
-4.516220600038187705e-01
-8.382312012006343238e-03
7.834420919199183153e-01
-3.841761707135089576e-01
-1.362184157546877383e-01
-3.384107684705626173e-01
-9.498680931279555040e-01
-7.803038272003901543e-01
7.235925562381684273e-01
-7.718352737479743375e-01
5.940420331827358513e-01
-8.452926318479760948e-01
4.731640701135053639e-02
8.147838168666485803e-01
2.685460089203703937e-01
-4.311270398457298647e-01
2.303818379110673664e-01
3.148770754652769899e-01
-6.309736543533310815e-01
-4.399551167942186147e-01
2.452368621811507055e-02
4.264410455962959201e-01
-5.199000787596224082e-01
4.348616268200666823e-02
-3.322433751624465081e-01
1.793780840076995009e-01
-5.531650398959047088e-01
-7.576015361507175694e-01
-6.012065149746965709e-01
6.137984133716845037e-01
-6.818728049372055899e-01
3.792324384534557780e-01
-6.790789337651181867e-01
-8.351884535963991496e-01
6.809148092277215181e-01
3.818869425789463978e-01
1.403717231954870748e-02
5.197175298227230122e-01
-9.613593465225611645e-02
6.683340492706002500e-01
