1.024209326427107936e-01
1.708501923920482390e-01
-7.101904545597430563e-01
9.041274664946039596e-01
-1.455515415058417084e-02
-1.943427377670567946e-01
7.034210184812184075e-02
-9.215243847780991704e-01
3.932195950996308920e-01
-9.305370374114763088e-01
3.811385738649200050e-01
8.278332606465370613e-01
-2.103598596224425243e-01
-1.040252674629156271e-01
-9.449266952805421838e-01
5.537929489919264370e-01
6.770198894020404978e-01
-3.063071631452254362e-01
-4.087878624450904663e-01
4.168422942535177089e-01
-6.978932424234316478e-01
8.501148769873678734e-01
-3.471838483546201282e-01
-7.603235081117569738e-01
8.702492328840771840e-02
1.914489249554285344e-02
-1.224718748568038862e-01
-7.275037719177925855e-01
4.881478804154586459e-01
-1.811725887016113479e-01
7.301932846030827484e-01
1.400500811566172121e-01
-1.589169517818778132e-01
2.270860550296935898e-01
8.230829769093488402e-01
-2.317657272311364203e-01
-3.491824599981254718e-01
2.884022267894530422e-01
5.265468407634106285e-01
-6.318231037346262458e-01
-1.795694510641476782e-01
-7.128392335627919962e-01
8.396891112725901607e-02
-2.504407949869318362e-01
9.399024262943578290e-01
-2.868264389501429257e-01
6.897194634054319984e-01
-2.890045771921228024e-01
2.910627324956611695e-01
9.154766872844144476e-01
7.047136759322123467e-01
3.057098073973216756e-01
7.441957751511816266e-01
5.410936356792928059e-01
5.179789150151528077e-01
-9.888014900621899805e-01
3.830244096850623503e-01
-9.363276426347886261e-01
-1.358683439176016083e-01
9.533955553062303245e-01
-4.448044920805802604e-01
1.904305023473582548e-01
-5.401896319137828861e-01
-7.002419687417096306e-01
-1.007351279650954279e-01
-6.448616582736097502e-01
-4.480985981576712796e-02
-3.800800643618129637e-01
2.065290453243455726e-01
-6.187041294533179858e-01
3.815978469453769062e-01
6.860447576517001433e-01
3.334131444842474146e-01
5.298891507526175548e-01
-1.199401175932628405e-01
2.629367579512829067e-01
-2.005725772194646428e-01
-2.566674623561939761e-01
8.404576489344759427e-01
7.029263282111897215e-01
-9.003023139304966449e-01
-2.428833700599979384e-01
5.799819193061293010e-01
-7.322070451231257326e-01
2.564581489929547153e-01
-7.344060687958926525e-01
-3.422646366777413185e-01
-6.764022718162929770e-01
-3.400723884302430111e-01
5.770476380643088099e-01
3.165779875933432130e-01
7.628628658292215814e-01
5.286277962348102655e-01
3.489585634373055800e-01
1.413389972252374616e-01
5.634527632702179822e-01
-4.273584951451303571e-01
1.606272513091959731e-01
-5.258433920746632406e-01
9.400947386065305889e-01
3.469479559144228453e-01
4.911460725277532191e-01
-1.820897173764697285e-01
3.542943240088400891e-01
6.675167222024360747e-01
-2.545045338784908129e-01
3.466652641413656699e-01
-2.056919025073524754e-01
-4.549222274078161821e-01
-9.908230879228079324e-01
1.873858891312036867e-01
9.312391034266018774e-01
4.477445918895979204e-01
-4.312231632621426058e-01
-2.434627701709259906e-01
5.114567728300434268e-02
3.631907843089117183e-01
4.914319464468852594e-02
9.670472969824039922e-02
5.913584182111535359e-01
9.812976344315438304e-02
-4.328350345984139924e-01
-4.435784339845483260e-02
-5.079250999058138039e-01
1.427517042659480762e-01
-4.500846161807492418e-01
-8.543596216383404496e-01
4.293998524100077763e-01
-6.624901501568807305e-01
4.463855919474031264e-01
7.886106517731983345e-01
-7.792779412295891550e-01
-3.578705747801314008e-01
5.960991895477805169e-01
-5.482695849389551679e-01
-9.163011188395016049e-01
-2.803368773489534060e-01
-8.067913746462778146e-01
9.541705605866821482e-01
7.756637163299682225e-01
-9.975670394784610373e-01
5.225545923078136479e-01
7.591478575353562963e-01
5.864651308229571480e-01
-4.409778898022458371e-01
-7.507246634197812796e-01
2.175025197872768601e-01
7.592527139758002974e-01
-9.374062396042472933e-01
-6.577912255681666043e-01
-3.508082403821046746e-01
-1.859852381155300272e-01
-5.560633831221843959e-01
2.376256039373485507e-01
7.885011877442431594e-01
5.643657559230619292e-02
-4.232300733536329407e-01
-4.545152443693998290e-01
-2.753690648257651752e-01
8.486056611101111535e-02
8.349091755583872843e-01
1.977007840021351992e-01
-9.310765914116703179e-02
-3.797045604835715960e-01
-8.765068081525844157e-01
-4.812085355625694838e-01
2.123814063994675649e-01
6.408865196473323422e-01
9.815111893790169351e-01
7.728048239653346752e-01
-5.700871942970890949e-01
6.868282260339884093e-01
-7.222555404939678958e-01
6.612052567979265216e-01
2.419569908516403522e-01
7.903062199853383429e-01
-2.666203060847920359e-01
2.130722502499644566e-01
-7.946849401610012187e-01
-6.864318546540848498e-01
5.345702450936447025e-01
-7.416159498837309183e-01
-2.249406239242530692e-01
5.262790175555756012e-01
-3.492279631441541632e-01
7.234052829913661942e-01
-8.974420759007402104e-01
-7.699321461878152473e-01
5.984229364196529399e-01
6.296206025105934856e-01
7.980832181979002904e-02
-9.966514842912321814e-01
8.882710143727590157e-02
-3.676726178232752051e-01
-9.560779227261706481e-02
1.556010453999534526e-02
-5.062941371420492942e-03
-8.986856616417908672e-01
-9.829819850885967991e-01
-9.786008317240688648e-01
8.934028556816915323e-01
3.527832401705131016e-01
1.680883912370156885e-02
-1.770904230565208959e-01
9.006345500038255292e-01
6.500911739328119054e-02
4.717581290927601589e-01
8.438350727708048282e-01
-7.135719871427061989e-01
8.662908836733393958e-01
-9.250873864612663144e-01
-6.631272717246350368e-01
1.545644173215858785e-01
4.032550917838748639e-01
-7.599113789909506256e-01
6.689495597532109095e-01
-9.791317437039610549e-01
-7.821232954131114301e-01
-4.481225278514586741e-01
8.432075307122288699e-02
6.100848259376745464e-01
9.284215258699144435e-01
9.242136489819434697e-01
-3.101023700906875291e-01
9.130346163385596459e-01
-5.499957661656229568e-01
-7.516663172871496101e-01
8.255861027960016418e-01
6.265031311366331401e-02
-7.414345074907364719e-01
-9.322857676929898751e-01
8.511369901488696765e-01
-4.478970142520044551e-01
8.443226976952302731e-01
1.265618603059039948e-01
-1.804475227623421052e-01
-8.463334409583918028e-01
1.489148365166237387e-01
5.977021231801353807e-01
6.557929775244950577e-01
8.384693013364086234e-02
8.409119622653666859e-01
-7.534806678828975812e-02
7.524887833572040385e-01
1.577231001097856300e-02
2.459972585351237750e-01
6.584650016374200554e-01
9.257433986919294533e-01
8.891442729771792397e-01
8.644775121121786032e-01
1.959213393289118699e-01
7.870463524690010093e-01
-5.277771193839118080e-01
-7.221058762749685833e-01
-5.868457982665791217e-01
9.368311323157156867e-01
-9.399289023953436573e-01
-6.138527005170280049e-02
9.308915014773038177e-01
-5.699018384676723947e-01
-3.310620955027863133e-01
7.279883081254154842e-01
-2.497101782434598682e-01
5.152403438443209360e-02
7.107071540125520226e-01
