1.035591440805321284e-01
-4.896663632497655350e-02
-6.950659049670095957e-01
-8.330537176739167826e-01
3.359538506490467036e-02
-3.581180282540570303e-01
7.476482247593170261e-01
-7.675520799191244414e-01
-5.888140043527330114e-01
-2.043735988439663309e-01
-4.541721634972417654e-02
-8.602926204327125959e-01
1.817348605521622584e-01
2.273588685043459456e-01
5.646597393532704068e-02
-8.153534512530009604e-01
9.345068128735238844e-01
4.785182135877512621e-01
-6.070054848464128128e-01
-9.206433651451568778e-01
-5.898036421390719930e-01
5.335412979314424486e-01
-4.795390601906828199e-01
2.045690053173230272e-01
9.643593252758502210e-01
-2.138066031625220909e-01
-6.997959416516996711e-01
5.646698166267545282e-01
-6.890123539808852282e-01
6.678866072139479915e-01
5.478756257170411814e-01
-4.649032809765569763e-01
2.158783437543805306e-01
-1.758489889448144883e-01
6.663555144456037027e-01
1.448756973863793984e-01
7.671280259247810207e-01
-3.118993153189690837e-01
-5.861040842882836444e-01
-5.793378102387007900e-01
7.623109193485713142e-01
4.413300933193462505e-01
-8.683389315677108033e-01
7.245449941615769163e-01
2.131205312894721704e-01
-2.168951996837114038e-01
-5.957892047115618261e-01
9.939516558571068749e-01
5.522319681663283575e-01
-9.505803466303444083e-01
2.212449968053846749e-01
-9.459670866543801182e-01
-7.823135574774497947e-01
-1.605325703913631497e-01
-1.946703272799592543e-01
-8.334275517052978088e-01
8.237926357188258830e-01
9.223968768519354988e-01
1.186299202997203039e-01
-6.525016763158086874e-03
7.296646918969056372e-01
-2.700101543452002595e-01
5.200869912036076848e-01
-3.468900357873518914e-01
7.296346217413947066e-01
3.915197393158886818e-01
5.170136487240939438e-02
-4.671619465421648076e-01
-7.260259204059484883e-01
-3.467073625471588372e-01
-4.749302117059466255e-01
-8.458369748198890647e-01
4.179669412387574390e-01
-7.793942814750984827e-01
-9.230660493032696312e-01
4.759814242945135110e-01
8.500268029837048100e-01
7.797058645217931350e-01
3.865713931271479442e-01
-1.775142169626564570e-01
-2.073900082585067306e-01
-8.362834957843756634e-01
-7.879735714283990777e-01
4.593153975878585538e-01
-7.237064729775248839e-01
9.124916288532662900e-01
8.657846439277498973e-01
3.734094594598331707e-01
3.796552571701727885e-02
-2.938873959928436363e-01
2.608257374727718236e-02
4.849355420653984616e-01
2.127404009730713419e-01
2.548137728913371092e-01
3.325630367530929554e-01
6.750071568084548002e-01
-8.761076927735798048e-01
5.958224085760597255e-01
5.873322772052091967e-01
-9.100783000488665841e-01
-6.893851197167104594e-01
-6.934957223376168045e-01
1.606911070801042563e-02
-3.541754590514210044e-01
5.512363105496604909e-01
-6.580122069074054725e-01
4.789792429347952130e-01
-3.497046281881657226e-01
-4.826714239739584578e-01
3.444138566744538998e-01
-5.492607967324736329e-02
8.871808566917593897e-01
5.318201523806849185e-01
3.843748875653547614e-01
-4.410113323983788636e-01
-4.023146605687457633e-01
9.002730484353480556e-01
-6.566968898418701350e-02
-2.139962885487547428e-01
1.082852904269062666e-01
-9.857827835421553164e-01
-6.503318300406828456e-01
6.432127073234994441e-02
-3.203043716414495368e-01
3.016475920793291188e-01
-9.223477614346275999e-03
-8.008381493875016410e-02
-6.289212800587233865e-01
-8.296000283039335343e-01
-6.209886755246984968e-02
-7.575911298300053165e-01
9.243517232073339418e-01
3.591732563824585611e-01
1.879576864151388804e-01
-6.043689283334354734e-01
-5.096306408128348231e-02
6.545699336392853951e-01
-1.120008209122422826e-01
4.006010334698733022e-01
5.465798554310883350e-01
-1.146814432846028353e-01
2.101253369628013346e-01
3.880063400567086429e-01
-6.543448238301776687e-01
6.663336246762794346e-01
3.506518370988609412e-02
-6.428819693083966946e-01
-8.084883659574206849e-01
-9.040342214024188472e-01
2.138444091977935724e-01
-8.827362877756579351e-01
-8.418831749142952070e-02
-2.355400490543051450e-01
7.770690997917526488e-01
-6.827376066845232128e-01
8.521275518793165471e-01
-1.638101929600188633e-01
-7.460082237481016065e-01
8.937177744334485752e-01
6.442921736705791158e-01
-7.686793713509560977e-01
-5.321940633981718793e-01
4.862054414984020578e-01
-4.672996240901545750e-01
-9.104548668933802880e-01
1.526337503928318906e-01
4.602532914805514963e-01
3.419630415165748616e-01
3.988719499041020189e-01
-9.053315047986159048e-01
-4.373822702499914339e-01
5.578373094939645949e-01
7.262300791349960427e-01
-1.284394700982522952e-01
1.334297726082303015e-01
1.464847457056028812e-01
8.334852100241620931e-01
-6.185429881831274734e-01
3.858420554611894371e-01
1.773644359960135919e-01
6.878429168853483766e-01
-4.815282614637301783e-01
-2.389894420737832537e-01
3.241658948438286281e-01
-5.956823568988469653e-01
-7.686419418343537480e-02
6.590931148001462070e-01
6.082298636465404140e-01
-7.790435637899577603e-01
-5.661572514568655734e-01
6.951364260122212535e-01
5.716809388635968325e-01
8.933635489974922628e-01
8.981474496574592958e-01
-4.640126944893081529e-01
-4.795555186665760861e-01
3.332054913738395907e-01
-6.422930082052509260e-01
2.298517744611605629e-01
-3.630555298140594189e-01
-4.542015396988297038e-01
-1.334282338670076395e-01
-6.924204242150637789e-01
-9.482085876337207342e-01
-6.135480757302094190e-01
9.736956681441015782e-01
9.641254815894364505e-01
4.939201751409341146e-01
-2.087158978479564109e-01
4.043074331963600887e-01
-3.588765981766177671e-01
-1.475692711228866472e-01
-3.885436522670893122e-01
3.551216894477238206e-02
9.457196967601408932e-01
-3.638415685173017611e-01
-3.801718567264134041e-01
-4.044134572890125678e-01
-5.423143561834302684e-01
1.519122862568651477e-01
-8.133140384177066640e-01
-5.935334853501894603e-01
7.140018901006601748e-01
4.477140641671324417e-01
-6.984355681116107828e-01
1.233011263287311365e-01
7.920471642938258228e-01
6.289856456004103702e-01
3.479816727010649480e-01
-4.306553477792141038e-01
-9.612410656605430148e-01
-1.596005671323439401e-01
2.254760888637512561e-01
4.137858858112273275e-01
8.858016375656796448e-02
7.372405819226375279e-01
-2.707126541479341064e-01
4.395125666763595174e-01
9.851239763752657197e-01
5.139818253154950778e-01
-3.999511395321644347e-01
-1.096867404706445281e-01
4.528198151699494023e-01
-5.648998578252848457e-01
1.615306521684178875e-01
-1.344452690693007657e-01
-4.229670430331178288e-02
1.120374393794849599e-01
5.335179170870010257e-01
7.040455665867393353e-01
-6.910965332540541795e-05
5.391062648851343564e-01
-7.042943485325907638e-01
-2.049329847181871056e-01
-8.366788240187013059e-01
5.780903719247159067e-01
-6.481616140158374950e-01
-5.878935448267965658e-01
-5.416146421621381712e-01
2.550084851745435532e-01
-4.816866999847959629e-01
-4.717123990856018079e-01
9.733565669409081078e-01
1.162241109230082170e-01
-9.764934756421184137e-01
