-5.618331087601643459e-01
-7.918516674067770378e-01
-1.000000000000000000e+00
6.881278842345652791e-01
1.000000000000000000e+00
2.207770138622983103e-01
-1.231771084962590690e-01
7.002303527086500834e-01
-9.216393851894764122e-01
1.000000000000000000e+00
1.690536973936941356e-01
3.726199564703402412e-01
1.231903921377460187e-01
-7.690008397905576665e-01
-3.012174942755894147e-01
3.879419059198372377e-01
-9.789946707714605179e-01
-1.000000000000000000e+00
1.468119494596978047e-01
-5.539232869999362041e-01
-6.986710142706621385e-01
9.038404793682928151e-01
8.790809857192155574e-01
-4.674705155595818562e-01
3.440828449665942479e-01
2.640978919892700283e-02
3.309963084510272879e-02
-1.000000000000000000e+00
1.000000000000000000e+00
-9.429617638190248563e-01
7.520645874757581062e-01
-3.345413272744439670e-01
7.552707048971791792e-01
-9.594438733653267715e-01
5.401230069880809115e-01
-1.000000000000000000e+00
-4.190515573598006527e-01
5.694163137973826672e-01
-8.815732395531551413e-01
5.451097216797151646e-01
-1.000000000000000000e+00
-4.816236289576277807e-01
1.000000000000000000e+00
1.119891012273815933e-01
-7.987687582085111204e-01
5.957802326431065332e-01
-4.464904177900070326e-01
-6.364362136338668208e-01
-9.644221601587198434e-01
2.859722901448698562e-01
-1.000000000000000000e+00
-1.000000000000000000e+00
-4.376304355553972125e-01
6.136337444954631515e-01
-9.989106989293006222e-01
-6.832633361169072606e-01
8.213655183914907454e-01
1.000000000000000000e+00
3.444464720600642904e-01
1.000000000000000000e+00
-2.046604162919931635e-01
8.785250185339377182e-03
1.000000000000000000e+00
-9.149689888389603842e-01
-7.361089191688718891e-01
4.914618933496387454e-01
-3.139338790043651461e-01
1.638922188705691507e-01
4.314288480856238173e-01
-1.660167125649991693e-02
-5.354526031257828000e-01
-1.000000000000000000e+00
-8.128004230473473424e-01
2.366901663284288193e-01
5.841134871969630993e-01
7.657729325354024619e-01
-5.164954126204152063e-01
-4.327464775696798771e-01
-9.136904513687710283e-01
3.861998368905900092e-01
-8.049191944830692558e-01
6.594506542727119891e-01
-6.578272683900445728e-01
-1.119493352271102027e-01
5.489921774400360333e-01
-6.693706607635373507e-01
8.229066011541941172e-03
-1.000000000000000000e+00
-3.279830775802708986e-01
-6.705808926204840370e-01
5.649206429891904246e-01
-2.702298218965098475e-01
8.210928724082533492e-01
-9.757057536219345684e-01
-1.042458063154155234e-01
-3.669291702173480552e-01
1.000000000000000000e+00
-4.569542173608829305e-01
-8.597275533113157842e-02
-6.573984461562445425e-01
6.196850741610031577e-01
-1.000000000000000000e+00
-1.000000000000000000e+00
6.302726079197120690e-01
3.414654574589605085e-01
5.329926489780550947e-01
-8.400047816491647001e-01
-9.523983812401440874e-01
3.996132008731605456e-01
-9.169711005050970032e-01
-2.670905996541467209e-02
5.014517972807646107e-01
-3.591192189549334279e-01
-1.000000000000000000e+00
1.000000000000000000e+00
2.504305137784599289e-01
-7.562151444069079576e-01
4.641500983979763850e-01
-9.843800873856193290e-01
1.868593013283990079e-01
1.515958516801642619e-01
-3.428125318389310672e-01
-5.714615056870964160e-01
2.910571271811634997e-02
3.689999793203196932e-01
2.593655537107731890e-01
-6.346390924202021111e-01
1.373714527266828578e-01
-5.643814220067551179e-01
4.152849177524068347e-01
1.000000000000000000e+00
-4.622722754862075289e-01
1.000000000000000000e+00
-1.340654209813602615e-01
1.000000000000000000e+00
-5.914328110096586100e-01
-3.915288736532466785e-01
1.000000000000000000e+00
-5.118032408119301824e-01
-4.990505464923916112e-01
1.779434261816697782e-01
8.195659214454885655e-01
1.951658687981847051e-01
5.253661911578862975e-01
1.000000000000000000e+00
-2.223818464234107450e-01
-2.767994278732736624e-01
-3.104242773894506646e-01
-2.481879588041902007e-02
9.299282601724465636e-01
7.055227795494248832e-01
-7.608147948450855180e-01
-5.136245919754613976e-01
-7.869191024475387097e-01
-8.505503302370542862e-01
3.847704259603557109e-02
8.419454269745523245e-01
-9.887944171792745207e-01
-4.743299779320435672e-01
-9.685005361509800847e-01
5.244187585271617991e-01
2.878772972468229274e-01
-5.731033108933122344e-01
-1.000000000000000000e+00
-7.825422619957445036e-03
7.962290678538086475e-02
-7.344645091138524151e-04
9.079532721662417760e-01
-1.000000000000000000e+00
1.880521497687229482e-01
1.641847844118604627e-02
-3.009013217521246952e-01
-1.000000000000000000e+00
-9.855235150949711587e-01
-2.731405039228943510e-01
4.584121451754618604e-01
6.709204635068771738e-02
-6.151428673278824810e-01
-2.902475899235124057e-02
-1.000000000000000000e+00
-3.379253257682393041e-01
5.883653785270128722e-01
-3.497730418130058361e-01
9.996422962063153395e-02
1.000000000000000000e+00
1.000000000000000000e+00
6.051860664416285340e-01
2.302259088754192440e-02
-5.157214708562448680e-01
-7.628778700930697321e-01
1.720439741410951795e-01
-5.301166919254297616e-01
-7.106939866395545202e-02
-3.483639243001962482e-02
-1.000000000000000000e+00
5.918386269153602663e-01
-4.380047810194181990e-01
-5.737587411110884883e-01
-4.563906214260736727e-01
-4.579881097507247922e-01
8.190459911987517660e-01
-5.784848637839155039e-01
1.000000000000000000e+00
3.210043115942573522e-02
4.508323870197430416e-01
9.277168347873783194e-01
-9.374026534247432707e-01
-4.032586092023198177e-01
4.571570010776031534e-01
1.000000000000000000e+00
-4.111092937466089836e-01
8.876704491924612972e-01
8.755533780845519143e-01
1.000000000000000000e+00
6.920286381342664050e-01
1.000000000000000000e+00
-7.173691618798365699e-01
2.985913792564262037e-01
-1.000000000000000000e+00
2.094694261284777148e-01
-9.523897341129555771e-01
1.000000000000000000e+00
-7.021892500947410909e-01
1.165866740355706033e-01
-8.543317588428614995e-01
7.763408436200212037e-01
2.837084895890287783e-01
-1.131175070429837337e-01
8.437842004173650157e-01
1.000000000000000000e+00
-3.135819883631263405e-02
-1.000000000000000000e+00
2.793022742616349530e-01
5.626947561373185636e-01
7.221642778896828485e-01
-1.000000000000000000e+00
-3.773049328274291625e-02
7.347031634193517124e-01
-2.121559117406578432e-01
1.000000000000000000e+00
-5.092740031947085022e-01
-6.777685056525825091e-01
-7.011095355645690086e-01
1.132273967828820727e-01
4.241315427618859157e-01
-2.852500952957293112e-01
3.245192530911773510e-01
-7.959757073946328587e-01
4.150331674628554013e-01
2.658887281810027314e-01
-4.598095714591643457e-02
3.113275292680706130e-02
6.805517511248233564e-01
1.192001368564096220e-01
9.217583774004901587e-01
-1.762748425406981401e-01
1.000000000000000000e+00
9.032907099748468394e-01
-9.699091201332403767e-01
5.300251937685599435e-01
-7.001690841046128710e-01
-4.400404069605834412e-01
9.047774153267360564e-01
-1.000000000000000000e+00
8.636963701849041941e-01
