-6.595131831413669765e-01
-1.000000000000000000e+00
7.834985817989381651e-01
9.265555515635820472e-01
9.966298865081121283e-01
2.975075789357158884e-01
-5.730615671222901719e-01
4.545530017005489087e-01
3.157298465949824884e-01
1.000000000000000000e+00
1.000000000000000000e+00
1.000000000000000000e+00
-4.634872590375110346e-01
-8.410425188534128571e-01
-4.748034342266871377e-02
2.375059839419354502e-01
-9.947496224551455324e-02
-3.927400485856591406e-01
-1.000000000000000000e+00
1.000000000000000000e+00
-4.326641777988715631e-01
1.929315892142413613e-01
-6.649928855758907575e-02
-1.000000000000000000e+00
-3.785751495887016427e-01
-6.357396193619246905e-01
1.000000000000000000e+00
7.541668087406033782e-01
4.877240456023257953e-01
-2.732718124723630959e-01
-1.000000000000000000e+00
7.662738169195453253e-01
-5.462156271553243458e-01
2.396935855817572958e-01
-4.633968569511338620e-01
-4.462088442717475067e-01
6.697803807022723044e-01
6.684906013031096661e-01
-1.000000000000000000e+00
1.000000000000000000e+00
-3.490725454661463556e-01
1.000000000000000000e+00
-7.767884684429052777e-01
-5.895429731162009634e-01
-1.000000000000000000e+00
6.151082645701470009e-01
-1.167748078480468354e-02
2.779116761397462665e-02
-6.343256978536526702e-01
6.071124647707442090e-01
1.235293272611730497e-01
5.975321285109818081e-01
-3.588226991620167006e-01
6.843375868531997863e-02
6.294017755473608755e-01
-4.640364367365458209e-01
1.094288542795929242e-02
-1.000000000000000000e+00
-8.072533046032877024e-01
-8.960294906773246248e-01
1.000000000000000000e+00
8.319978577388040808e-01
-6.661529312230293765e-02
-9.462371215970734051e-01
2.506713640815412258e-01
6.771132173630486362e-01
4.693967643905153642e-01
5.473359945906655089e-01
-5.913306999572025546e-01
-6.237867998373697320e-01
2.947402153145128878e-01
-3.361604598673908484e-01
3.407447976099817200e-01
9.460850608219571745e-02
5.427118150064937918e-01
-6.128192240318449668e-01
-1.000000000000000000e+00
-1.000000000000000000e+00
-1.742247401661726480e-01
-2.672266387557837852e-01
-5.432526160186463837e-01
-3.405766909613839877e-01
-6.860432335453139352e-01
-1.106975640427028673e-01
-1.180642008027232848e-01
-2.091568529362926032e-01
9.285484056867083780e-01
-8.610744153721082705e-01
1.000000000000000000e+00
1.000000000000000000e+00
3.440349408817164889e-01
-1.000000000000000000e+00
-1.149829779798841045e-01
6.313368805778158954e-01
2.600637758393741228e-01
4.353460762936739448e-01
-1.529230419151055287e-01
2.970451519909004245e-01
-1.691732365721245746e-01
3.696467146571986717e-01
8.037827523578748856e-01
4.353091672078869268e-01
4.431972157297471293e-01
1.000000000000000000e+00
1.000000000000000000e+00
-4.695760972920919318e-01
5.640931274607337009e-01
8.803362530192255786e-01
1.096799805078079171e-01
-1.298797387511085311e-01
-1.000000000000000000e+00
4.587383695824793772e-01
4.153363995415240151e-01
2.880655413088895056e-01
6.940605468894039953e-02
-4.690696823597230170e-01
-1.266019519626678802e-01
2.219580289389486150e-01
7.487468779628633220e-01
6.514429886154344818e-01
-1.568777121931521079e-01
3.194491384481775165e-01
-2.564862215892703134e-01
1.534764767898210147e-01
-3.839147773459969382e-01
-3.916392841878655329e-01
-1.000000000000000000e+00
-5.712133732524934393e-01
5.108548435972376511e-01
4.305084098930356262e-02
3.041305835762401766e-01
8.103220342244421559e-02
3.474021898208600745e-01
-1.000000000000000000e+00
-5.942816333468866619e-01
1.000000000000000000e+00
1.000000000000000000e+00
-1.153124807001437296e-01
-3.216148974303820740e-01
-2.230128095025247226e-01
-5.208806255766985638e-01
-7.562585403956842978e-01
-1.000000000000000000e+00
-2.123827360982795120e-01
-3.202790082700667784e-01
1.000000000000000000e+00
-1.000000000000000000e+00
-1.712845609253554890e-01
-1.000000000000000000e+00
-8.471761048186896015e-02
6.821945107931780550e-01
7.130942947348108962e-01
-2.605697088233447367e-01
-9.151926467611615212e-01
6.352318173061504147e-01
6.977535794283673543e-01
-1.914920311488920723e-01
7.601358721457346368e-01
-8.781279851755245947e-01
-7.433914848621221427e-01
1.177283371616708874e-01
3.905981793518925604e-01
8.364293076716018405e-01
1.000000000000000000e+00
-6.836793117300491440e-01
8.753153694320620071e-01
4.346248583753514749e-01
-3.919458480011625001e-01
5.852414842153031982e-01
3.800329382620821761e-01
3.072715033079134739e-01
-7.554562386332985824e-01
-9.489528965416149653e-01
3.825867106530083106e-01
6.535001725681229834e-01
4.948274986910240480e-01
2.251715149286113438e-01
1.315459396929772318e-01
7.894955033804063049e-02
-1.506794635729708509e-01
1.000000000000000000e+00
-2.982839367733661762e-01
-1.000000000000000000e+00
7.650211857442017482e-01
1.000000000000000000e+00
-6.512857250433305989e-01
-1.000000000000000000e+00
-1.000000000000000000e+00
-8.843400845520094089e-01
-7.852358151853959800e-01
1.233552319330711577e-01
-6.485300327735925574e-01
-6.903929112809294999e-01
2.632184277641257952e-01
5.134881609175199202e-01
-1.000000000000000000e+00
3.603138005236743435e-01
9.541143647899859026e-01
1.000000000000000000e+00
3.319510391482494160e-01
8.595357988392955395e-01
3.293279732100011237e-01
5.353211488702780407e-01
-1.825038956291932246e-01
4.408313359083018690e-01
3.453457240417976415e-01
-7.914593783472008148e-01
-6.333751842328794179e-01
-7.800799105143667589e-01
4.840016401673103985e-01
-2.922932080826204371e-01
-4.897543734060891274e-01
-2.434189747594768249e-01
9.700055303306301946e-01
3.581668703664957903e-02
-2.560111505093234374e-01
7.795558983681776244e-01
8.371107803281480075e-01
9.799055703813944751e-01
8.327734170420149074e-01
3.435333751906203270e-01
-1.000000000000000000e+00
-1.293818123918424878e-02
-1.000000000000000000e+00
-1.848418830030795768e-01
1.000000000000000000e+00
-1.000000000000000000e+00
-1.420719436395191659e-01
-3.945165963679935217e-01
-3.384569393773376733e-01
-6.203627962854310063e-01
3.063255956297211702e-02
7.620198561131217296e-01
-8.496815728576095905e-02
9.808579508869486041e-01
3.082331924041253890e-02
5.736885884527052060e-01
1.249507673285666920e-01
9.875621046439044814e-01
9.166445212439240375e-01
-1.000000000000000000e+00
8.166972076845618878e-02
6.082905371478823930e-01
-7.273697843071184055e-01
-7.211347058746706562e-01
-9.090259390863972833e-01
9.166092062953037356e-01
1.000000000000000000e+00
4.954748888910868176e-01
2.935368397579050104e-01
-2.089297918952538469e-01
4.205376382596578977e-01
-6.798966231124254911e-01
9.339494235288119395e-01
3.358074883364078334e-01
3.613411130402643945e-01
-3.245652687975372763e-01
-2.745973945745115441e-01
1.218466982421569644e-01
5.587758122525027238e-01
-1.918279675871465140e-01
-5.416481162803186145e-01
3.737635879884423362e-01
7.037919897723772245e-01
1.000000000000000000e+00
