6.334796963736819553e-01
9.037504734417645125e-02
-4.641376141154869295e-01
6.124630242768986932e-01
5.567390602152548773e-01
-7.174806990804503126e-01
-7.849028803399455967e-01
8.673326097391595990e-01
-2.101295045379816262e-01
-9.831578917299041986e-01
-8.766426455049904920e-01
4.892019435022214591e-01
-4.160013107052826786e-01
-7.027053950937611759e-03
-5.326032463732026656e-01
-9.190573336723930620e-01
6.748518259396805163e-01
-5.905271903150781654e-01
2.111457504683331710e-01
1.832293164615423908e-01
-8.234648019855363987e-01
-7.646185630143382816e-01
-1.604191671734935820e-01
-2.295750451789175806e-01
-4.967175228459834724e-01
-6.144636232660076747e-01
9.270139295043866579e-01
7.126036258080159502e-01
1.321626313604682412e-01
2.970995121692321383e-01
3.070059087750560689e-01
1.072031497310641512e-01
4.347961203903256688e-01
1.949741499716381998e-01
4.856761202881803019e-01
7.453231552659704828e-01
6.152125397075494107e-01
3.642768034792414067e-01
4.824865070493302710e-01
3.718402929166697568e-01
6.644786117389172020e-01
9.037715060802817835e-01
4.540016796412227329e-01
-9.985860221190101527e-01
3.816444176153352963e-01
7.160913636638441826e-01
5.528283316430686600e-01
-7.244446723026711776e-01
7.496877979569431805e-01
8.618963074151437809e-01
-4.513215467504085865e-01
-8.251059645040492718e-01
-2.456579086203025675e-01
4.185425901050114916e-01
3.413591418443950865e-01
-8.577807968128954297e-01
-7.860125937873443380e-01
1.420493476554740564e-01
3.147077755179155112e-01
-1.155067760799217691e-01
7.472348935782924251e-01
3.104496967515475436e-01
3.871703992464670119e-01
-6.708093475607308509e-01
-4.747559120357820461e-01
-5.939225559874721228e-01
-6.679704990427672850e-01
-5.397501755554312552e-01
4.187694206554772869e-01
2.967614180180695449e-01
8.322377592927354684e-01
9.049410907935822035e-01
9.593917994288012618e-01
-9.855754339470168546e-01
9.612929533040956986e-01
7.545746291484169976e-01
4.524468051207950481e-01
-6.936553738883022291e-02
1.094211997095642097e-01
-5.130032174239618215e-02
-6.376339502516448210e-01
4.352044305066351537e-01
9.622640612197901344e-01
-9.802564710629764200e-01
4.782805333957163008e-02
-2.681460067561314276e-03
8.279743608021705725e-02
-7.929532937752337141e-01
4.241361919571349226e-01
6.685074046076349141e-01
-1.079495911589578583e-02
7.901928277915983845e-01
-4.958490933504278164e-01
1.873990764368378414e-01
-5.510404487373310456e-01
-4.573544567181968556e-01
-7.551263747822563044e-01
-1.588473740654969824e-01
-2.649464653551603099e-01
-2.067969528133388746e-01
4.690067519382001837e-01
-1.545394178565746568e-01
-8.507387326334963085e-01
7.550335958730527430e-01
-1.122711075849798235e-01
4.940942404956549794e-01
4.174952188618377136e-01
1.609818531818814069e-01
6.913763418719955922e-01
8.982660145148415598e-01
-4.075318689733635757e-01
-1.126752432329598541e-01
4.194877707434307990e-01
9.956856213346831908e-02
6.211441249895151007e-01
-9.064137087960373318e-01
5.649258002517978383e-01
7.600083080008086522e-01
-4.845828526264808200e-01
-2.076935999585935999e-01
-5.255840480889188981e-01
-5.042068109184525415e-01
-4.888871305284925306e-01
8.754614436811785083e-01
-5.925172183445950314e-01
-9.172656006510766513e-01
4.337582296494808531e-01
6.474044024468357250e-01
-2.806536941419688347e-01
-8.850557216894805457e-02
3.723817037018213316e-01
-2.536970254690340543e-01
-8.459056734483372253e-02
-8.053630742220529992e-01
-6.280577086179430779e-01
9.729649995567617449e-01
3.145188122961326549e-01
3.001113421940413417e-01
-2.434409068100291673e-01
-6.258277163079841721e-01
-6.834910670685314660e-01
4.713690931950134111e-01
-2.586576173077104190e-01
9.711721755137803225e-01
2.414809655772285346e-01
5.206000977395164320e-01
4.842917031124724936e-01
-9.102040493570640045e-01
5.823921913933389760e-01
6.464055625935460903e-02
-7.408893820366841965e-01
1.269042872205257133e-01
7.685679112347896247e-01
-9.574545707015444940e-01
-4.243094061697194608e-01
4.008527152865246634e-01
-2.071447377282298330e-01
4.835563907891979873e-01
-8.382511683616704623e-01
-3.465286215043263951e-01
-4.848526841855165248e-01
2.142525043535687956e-01
4.111636443679975716e-01
1.360349273142804627e-01
-7.326833104656416129e-01
-8.989048889505808493e-01
6.805071903671606748e-01
-5.181335191838158938e-01
-4.527174296580895874e-01
-7.605897815953910346e-01
-9.051381263846296488e-01
-5.690974798198744633e-01
8.712533207552473069e-01
2.349216806024785331e-01
-2.357792351633327677e-01
5.724604872369805086e-01
2.300218513658385255e-01
-4.447719284268101259e-01
-1.825530806788804306e-01
-9.714173172339437556e-01
4.579008912679927157e-01
2.014377499189974330e-01
-6.163435966783570308e-02
8.243206391030555302e-01
-6.803956583764945165e-01
-1.119093993339230764e-01
2.545496082589890907e-01
-7.691747314680941194e-02
-7.756672702148188492e-01
-1.409835260077674235e-02
2.955604084706653367e-01
2.947151025184264750e-01
6.538557010316206064e-01
-1.543062223905427022e-01
5.619879760554922221e-01
2.929913167835145327e-01
-9.809731279351714406e-01
9.118882457100845329e-01
6.598283985476161018e-01
6.383086776224835557e-01
-5.308626037485923987e-01
-5.033422864688175125e-02
-1.407917744902842383e-01
9.074685597162643891e-01
-2.134561483449266550e-01
-7.798644754168861937e-01
-6.562603199002952081e-01
-2.957863083240936941e-01
-6.720939446222475855e-01
9.579994111949403646e-01
-4.544701939284054859e-01
-4.404813798130662317e-01
-7.530690111354276794e-02
5.375828097660946270e-01
8.481173164723365687e-01
3.672439393784245887e-01
-7.394587340421547861e-01
7.603130719291484318e-01
4.164886855022431611e-01
-8.803939600513221997e-02
-9.470183180405267187e-01
9.815977394170847248e-01
9.867777346050328191e-01
-6.759890316727776849e-01
-6.777929628697476616e-01
2.088560667380663372e-01
8.047552317121682286e-01
5.564355468278889827e-01
8.194400076591619175e-01
-1.458004896819622420e-01
7.611181155666861819e-01
-5.861733413697129969e-01
-8.264935330581872908e-01
7.228680605977566564e-01
3.772516435235686583e-01
7.993649119044461404e-01
-3.805942199316163510e-01
8.564196657520515288e-01
5.721006215585566768e-01
-8.195473238102606306e-01
2.305316790903892965e-01
-4.178309550902818970e-01
-8.692258380878108426e-01
2.243151154709042139e-01
-4.610072426629157061e-01
-8.054075599472809710e-01
3.692932980862462244e-02
8.177545701551514057e-02
-9.423272413616976539e-01
7.488334765956732308e-01
3.749171171928789015e-01
-1.498741599934745317e-01
5.649885761116786309e-01
4.371930273070918638e-01
4.576059960851242003e-02
-3.248277073363030620e-01
-9.311388731904257643e-01
6.419350313987415291e-01
-2.086424389226322340e-01
-8.051498422520553255e-01
-7.879862394378460699e-01
7.366949879869324480e-01
-5.908718120238003468e-01
6.727333829717103697e-01
9.827982210627674853e-01
