8.649236752304897413e-01
-9.673289485558935752e-01
-2.349911526908066151e-02
-8.701626793512526881e-01
1.506715159962039308e-01
1.000000000000000000e+00
1.000000000000000000e+00
-5.328550448250715110e-01
2.220234361402238510e-01
-8.973251341464194564e-01
-1.000000000000000000e+00
-3.092983611406091571e-02
4.961088246959399761e-01
-9.254990988772848759e-01
5.947052069869309676e-01
3.009285764770968097e-01
-1.653782503489657496e-01
1.882616631784261862e-01
-3.830612271763241261e-01
1.000000000000000000e+00
5.512863004446983961e-01
4.236071476910630018e-02
4.576290621207437237e-01
2.073342385214634875e-01
5.375181860438289494e-01
-8.084198082813702779e-01
1.000000000000000000e+00
-4.733663937858131332e-01
-2.366442817233646023e-01
-2.655618465936858685e-01
9.488832227956875975e-01
5.981574247271250755e-01
-5.632818336782010604e-01
2.785801584716317003e-01
4.852565275791042021e-01
4.932428029486618515e-02
-9.035684480094974269e-02
8.837805939021508017e-01
9.143647555358435097e-01
1.000000000000000000e+00
5.335074376275904529e-01
-3.491049845739784274e-01
-1.000000000000000000e+00
5.341982477886588754e-01
-1.000000000000000000e+00
-2.244364471786266524e-01
-3.333771021693189285e-01
1.000000000000000000e+00
-6.278915540735865997e-02
1.000000000000000000e+00
4.121265239260274438e-01
1.334002620602425249e-01
-3.839486439349222291e-01
1.000000000000000000e+00
-1.000000000000000000e+00
-2.047781747503881478e-01
4.785296663503696424e-01
-5.482903017375736487e-01
-1.000000000000000000e+00
5.848544544711131721e-02
-1.784446546315544557e-01
-8.898497050629069482e-01
-2.250443437862094664e-01
6.420756101045528297e-01
-1.000000000000000000e+00
2.468279839895950456e-01
-9.731796640207807103e-02
1.000000000000000000e+00
-1.230158409417492771e-01
-9.691533667089915483e-01
2.410954523324516374e-01
-3.223951232876303141e-01
-9.643523145705898969e-01
-7.570817004177272658e-01
7.510835878174739744e-01
-1.973180959932528955e-01
1.767626518342592934e-01
-3.120988011292971098e-01
3.304896266178856123e-01
2.244744666230053531e-01
-2.531993927954493961e-01
-2.631717237564156764e-01
-1.616978441067004613e-02
-2.200623657382283493e-01
-1.168985431415758836e-01
-2.073231484396064750e-01
-3.297430794229794793e-01
2.768482713199885148e-01
-6.514580196892063579e-01
-1.000000000000000000e+00
1.000000000000000000e+00
-4.092245251512048321e-01
3.038471765965583549e-01
6.334365972510149767e-01
1.043738438945625013e-01
-1.000000000000000000e+00
7.715337538302138309e-01
-7.112165569841677470e-01
6.236885134486640503e-01
1.000000000000000000e+00
-8.577677612790458594e-01
1.000000000000000000e+00
-9.245017155773389561e-01
6.922409034750054424e-01
-2.649429646585056419e-01
-3.418529401563494829e-01
1.000000000000000000e+00
5.350018690264453092e-01
9.589971984719332099e-01
-5.907534914826420014e-01
-9.614716666154252689e-01
-3.168628055240807484e-02
5.674864343274130807e-01
1.000000000000000000e+00
5.564815012120912785e-01
-1.931401799181188816e-01
-1.000000000000000000e+00
-3.103893229318407249e-02
1.000000000000000000e+00
-5.494616967428227472e-01
2.233761718967665344e-01
5.717701298208986982e-01
4.496606715206734606e-01
-4.819529857478119794e-01
9.262128738891473034e-01
-3.038804769549412477e-01
-7.100012136315058120e-01
-4.655968447509819530e-01
-4.410627540653341283e-01
-6.699475208327834164e-01
7.749584443244557086e-01
7.572322566950958622e-01
7.461532163781092741e-04
-5.299321238721836913e-01
-6.226638943557056827e-01
8.175150277780625085e-01
8.045238920909063562e-01
1.000000000000000000e+00
4.543474422225951548e-01
-1.242723788484939584e-01
1.000000000000000000e+00
-1.000000000000000000e+00
2.362661332833580485e-01
4.050637147620342882e-01
-8.688046331996964744e-01
5.654275472631320465e-01
1.490334814643832773e-01
-3.025241605028373693e-01
1.000000000000000000e+00
-5.076671725086208120e-01
1.000000000000000000e+00
1.078400676975783679e-01
-1.000000000000000000e+00
-4.841956012847447033e-01
2.356428737194687928e-02
2.347152614399861115e-02
-3.474605712469725494e-01
-4.214391853518452136e-01
-1.000000000000000000e+00
-3.004488925125460286e-01
-4.638310462388306465e-01
-2.691427572137625734e-01
-8.943307303931322672e-01
-1.000000000000000000e+00
7.396955683726278430e-01
-6.448328070153681590e-01
2.773569384165540108e-01
-1.000000000000000000e+00
1.000000000000000000e+00
1.000000000000000000e+00
1.000000000000000000e+00
-6.801038493011360986e-01
-6.229767313750114166e-01
-1.000000000000000000e+00
-3.871106811262077230e-01
1.000000000000000000e+00
4.376612701586060639e-01
-9.506035779084268666e-01
8.660662212588920994e-01
-7.614236756477354984e-01
4.921745889546169650e-02
9.028822101880773499e-01
-5.266733747453529180e-01
1.446366518830056735e-01
-6.831623876852300770e-01
9.702614568406306983e-01
-1.116748163181726788e-01
-1.000000000000000000e+00
5.740342082049787464e-02
-3.885115259825249190e-01
-1.827283815289140745e-02
-3.535066572462471912e-01
-3.410152845183194170e-01
-1.460714737410770958e-01
1.000000000000000000e+00
5.188469877551504794e-01
-9.113753812725131631e-01
2.368668466134117578e-01
-1.000000000000000000e+00
-3.648854730859601991e-01
1.000000000000000000e+00
-5.724039412972476981e-01
-5.227038022129876227e-01
-6.077196865640405177e-01
-1.000000000000000000e+00
-7.120648477861456493e-01
-9.886350551084666094e-01
9.057432158897895658e-01
-1.000000000000000000e+00
-1.000000000000000000e+00
-8.145705946838456279e-01
-2.097872854249255292e-02
6.129889189613586531e-01
5.528439883212967754e-01
1.000000000000000000e+00
-2.683983582775184007e-01
-2.064126911216623839e-02
1.000000000000000000e+00
2.853326773094349011e-01
-2.318169510236565423e-01
-8.404177184434267200e-01
1.757202780437259193e-01
-6.476513628855089522e-01
1.355436739111803290e-01
1.000000000000000000e+00
-4.033900218444806396e-01
2.299362334512935480e-01
1.000000000000000000e+00
-2.162086548128229757e-01
-6.294830258370143206e-02
4.499665718556649652e-01
3.768987074116587621e-01
-2.183811114473279691e-01
-8.663262750151032865e-01
-8.691968224829955680e-01
1.797997381282889773e-02
-8.114405966342119747e-02
9.422698304850471995e-01
2.204530199694647585e-01
-1.000000000000000000e+00
-1.276200869258760084e-01
-1.000000000000000000e+00
-7.295428819022977684e-01
6.775947518231825173e-01
2.314612538736288139e-01
-7.037431636340135688e-01
-7.777807416839599419e-01
1.000000000000000000e+00
2.788056042196618844e-01
-1.633550508286057412e-01
-6.416076051200957364e-01
8.964119058591693001e-01
-3.851863075211764409e-01
2.091691474214103508e-01
2.940566640309271174e-01
-3.466525620044379197e-02
1.000000000000000000e+00
6.269654643729217769e-01
3.861772131030258848e-01
8.365629991141656507e-01
-7.748997498206617873e-01
1.712836688558699860e-02
3.613482894229691489e-03
-9.104420614054579142e-01
-6.805359979124840919e-01
