-7.948867073751775258e-02
7.501591540336045583e-01
3.535407191609185595e-01
2.211667911970502942e-01
-4.314064790717877518e-01
8.683128683036906992e-01
-1.592350999391831667e-01
6.859388286524561451e-01
-2.065985236905654165e-01
-5.699621058916259919e-01
2.429915550934016455e-01
6.436497864509238553e-01
-9.232902181531321695e-02
2.399038971032454448e-01
9.484476537300994270e-01
1.126508441507250158e-01
9.081763668336306772e-02
-7.417606901126414520e-01
5.669504509995786368e-01
-2.379656065629480732e-01
-9.418824352768673247e-01
-6.572556792351689214e-01
3.975664034535837388e-01
8.717649587438858205e-01
1.184013109497923377e-01
4.615779059597477918e-01
8.398036650949602944e-01
2.920677621385192602e-01
9.754111283365303198e-01
4.374892305187998431e-01
-8.685374379139652046e-01
4.860427596741443423e-01
-1.735628210199553489e-01
-7.431304213684351012e-01
1.069951141344434031e-01
7.432697241108918718e-01
-4.366841633293652158e-01
5.295181291196597861e-01
-9.786739750073270017e-03
2.476501005861284632e-01
-6.665103571228774282e-01
2.802986631390180783e-01
-2.987361577077569663e-01
1.379586533731977926e-01
3.909820661718355073e-01
-4.137021534840807924e-01
4.819130735994161530e-01
-1.109313466038754914e-01
6.588508803130923575e-01
-4.047002546175710869e-01
-1.599431865411156117e-01
9.961450123420960701e-01
6.722654888706691700e-02
4.233847860664496920e-01
-3.790654384769807095e-01
-3.738421386069996633e-01
9.072293697591713446e-01
-6.689577088074869504e-01
-3.126741578662075582e-01
7.881609366723538734e-01
5.700610501994451962e-01
1.728244017247551056e-01
-9.718885410770885525e-01
-8.050131451287312334e-01
-9.506752702099070529e-01
-8.202131394417224719e-01
-2.377130131568183646e-01
-8.696563034483353327e-01
5.727209035860867381e-01
8.727576975993536212e-01
-4.918161643040528386e-01
3.496052463009873268e-01
8.381308759060583924e-01
4.098317558724320353e-01
-3.242144920924316942e-01
-5.133954571617502793e-01
-3.116373355023422942e-01
6.851760447490302663e-01
-8.612153207897845775e-01
4.452989236760687142e-01
7.518365270556777169e-01
4.468890372190312821e-01
-9.987537104060009163e-01
-5.628415357921892070e-01
2.438617904299977823e-01
-9.547465846834028991e-01
5.925286291582974041e-01
-7.122629935862443418e-01
-3.466227596471505024e-02
3.097193654565846277e-01
7.993305890391089186e-02
-9.451127441758535586e-01
3.707891347637404245e-01
-3.171450348202187186e-02
6.187815108742162895e-01
5.165354341597365728e-01
-8.806284746280423903e-03
-8.938007590748366926e-01
5.151153781786750319e-01
2.401098326834727459e-02
4.572459496684224689e-01
4.857143123892544434e-01
7.865877015410664974e-01
-7.144341962990838901e-01
-7.623885263618013219e-01
9.241046679715769763e-02
7.686544771447123559e-02
1.403518758978339331e-01
-8.235670964184955700e-01
-1.569223521584532932e-01
-7.625919738647501944e-01
8.787377157476614631e-01
4.879748095396132523e-01
2.520395044920364924e-01
6.421097822852237513e-01
-6.543245686610430489e-01
-4.511077993845518108e-01
4.757347446429223137e-01
5.695961433006724306e-02
3.231720602273209231e-01
4.614286993034284468e-01
2.893174884952254278e-01
-2.645803044457342157e-01
-5.842638861388518290e-01
-4.724292681055974885e-01
6.991314435571791552e-01
8.328984840519799704e-01
-9.325240539481773894e-01
-1.600990462464231268e-01
-7.480402293129626567e-01
-8.724952834086669995e-01
4.572818114610879281e-01
9.238427341186929986e-01
-8.143331299029383796e-01
-6.941399367501412954e-01
-7.098352028695236182e-01
-9.559993021090766874e-01
3.169500745287019416e-01
2.231228519342476346e-02
6.516225483249789008e-01
5.046119833158517753e-01
7.672167780479297594e-01
9.984842199839829568e-01
-3.606678279263861864e-01
-2.177736612774603397e-01
-7.770091876573610445e-01
-3.995142081220159902e-01
3.742347073990446304e-01
3.022977103373969410e-01
-3.851301341178954285e-01
9.770835928053287489e-01
-7.739438471422190879e-01
9.903043531254369647e-01
-5.319250555045578199e-01
3.758747769096499880e-01
8.236134183768033523e-01
-5.464650381699260873e-01
6.198292308765560588e-01
-9.742734245611457400e-01
5.226146324203149174e-01
-4.468029090887595256e-01
7.989301581497625371e-01
7.963812948305333261e-01
2.327230435545757370e-01
3.864004396237468164e-01
-8.339319579069162103e-01
-7.441360500168665570e-01
-7.815188029390032209e-01
5.562164275848076045e-01
-4.731243088203951341e-01
-5.344991150543347835e-01
8.573422350204551456e-02
-1.984715676361574754e-01
-9.085480954061209147e-01
8.915809330653710063e-01
-6.693128663263061551e-01
7.154291764225788608e-01
-6.053037063342769919e-02
8.971939952435297183e-01
6.904098222805683527e-01
-4.665211306603691543e-01
-4.601702409729162557e-01
-7.034785736096189623e-01
3.465014216634587640e-01
3.629226640218319311e-02
-4.712168467504516123e-01
-2.946163734771549692e-01
-1.794244536329963058e-01
-9.131978808275644788e-01
-8.883616936668421449e-01
6.983053089339592567e-01
6.718925989839026336e-01
7.914785359257447972e-02
6.636586297397191192e-01
8.715828047209488449e-01
6.558847192238796975e-01
-7.436140052066066986e-01
-3.771250471903890844e-01
-3.147950295002601706e-01
3.729202814489405160e-01
8.653841041428578240e-01
6.350099539242222146e-01
2.719861642809975333e-01
9.533321686171269960e-02
-4.220733374419352035e-01
5.252519103643811249e-01
7.243382649635023984e-01
-1.994334025809603173e-01
-5.487897672237931346e-01
4.019441536553640670e-01
4.261875688968914666e-01
7.671878420158972922e-01
-5.161131621877763642e-01
1.236957307643467008e-01
4.435027124069625959e-01
-3.859569466366130630e-01
-4.648835806494373557e-01
-5.789967910973352616e-01
7.154895966960317377e-01
-6.173917148943006694e-01
9.620580426216958081e-01
-4.728393828687813549e-01
-6.601161081419228971e-01
8.525622124764569154e-01
-8.804563031068068923e-02
-9.875346462443141959e-01
-3.057994413424285352e-01
-4.149330900665109123e-01
1.183251290448097404e-01
-5.581669987033994751e-01
-1.415267329433289589e-01
-4.035767284720792603e-02
-7.644474640702703105e-02
2.789961392543018892e-01
-7.688011818721147694e-01
-9.177550866507271365e-01
3.379874159682885182e-01
-4.333015802804369709e-01
-4.684992194911585806e-02
3.664022573665453031e-01
8.411428648098764338e-01
-7.283440509466418966e-01
2.547833697998025393e-01
-6.218708333564828550e-01
-3.219099310555948446e-01
-4.169438495963777580e-01
8.135155499187507466e-02
-7.113515667583514279e-01
-9.230978493758645875e-02
-3.279407738410196060e-01
9.012120358708384238e-01
-3.053074297221880506e-02
-7.508917536684418526e-01
-9.177534490303587145e-01
3.059166524147372002e-02
-6.901395857206289453e-01
1.271594534856261838e-01
1.221925577315723377e-01
-1.593950200385867433e-01
-1.987509770851088042e-01
-6.086750947555199520e-01
2.183360666822475871e-02
4.960830374652720476e-01
9.827802880539626695e-01
-3.761615415893309056e-01
