-6.576036992386782298e-01
-2.802223195518140919e-01
-5.220041907166592665e-01
1.000000000000000000e+00
-2.781592788857361054e-01
-2.103920071288162275e-02
-5.473912415578124913e-01
-4.996220497669591198e-01
-1.000000000000000000e+00
7.276963035598614793e-01
-1.039505292947822124e-01
3.462028087658020059e-02
6.819013772760100789e-01
5.707101082111285528e-01
1.000000000000000000e+00
-5.310177788882368688e-01
1.000000000000000000e+00
-1.742762994936148946e-01
-2.206397559885270310e-01
5.348518749937003491e-01
-3.713800170800164446e-01
6.815822137205136411e-01
-1.000000000000000000e+00
-4.938169863693144812e-01
-2.048219424917238907e-01
2.687521720018400950e-01
-8.985453842207091757e-01
1.000000000000000000e+00
-3.238061165918758588e-01
-9.158688457456903853e-01
7.242223053314957859e-01
2.592157935592776519e-01
-5.268132487370308370e-01
4.539760527882981123e-01
-9.843323151850487118e-01
-2.435465558325778934e-01
-9.377458688368051076e-01
3.865393318218658947e-01
6.832862328143107788e-01
-1.000000000000000000e+00
-9.717603946259725234e-01
-1.000000000000000000e+00
5.607861412259422806e-01
7.628892150346396894e-01
6.430043132486342738e-01
-1.000000000000000000e+00
-1.000000000000000000e+00
1.617054548860968888e-01
8.796534858335899321e-01
-3.832562027197883303e-01
4.525150357662371947e-02
-1.980585019493830146e-03
-3.008654901278090543e-01
-5.822709875945420999e-01
3.796900614504830074e-01
2.358382480266215941e-01
2.808962387999163202e-01
-6.117808555968886619e-01
-2.644119268368523290e-01
-2.947752079815673665e-01
6.905786562835262155e-01
3.707072072981688615e-01
-1.676570218464644990e-01
5.597566667145683628e-01
8.040967192321918366e-02
-2.203454145772882622e-01
-2.911962326174902249e-01
9.085765965590549831e-01
1.000000000000000000e+00
6.422411319953565956e-01
1.683276706166363101e-01
8.461276757347263588e-02
-1.442566891497527592e-01
1.978693165882974836e-01
6.953737333336993398e-01
-1.000000000000000000e+00
3.563170694705670716e-01
-9.723150374670085361e-01
-7.789073361301641629e-01
3.946975811610546891e-01
7.050239446093744533e-01
2.466141698139825422e-01
-5.122327776689893364e-01
8.945181868679181747e-01
-1.000000000000000000e+00
6.728695869766255777e-01
-7.639615893608195929e-01
-9.588917661511534574e-01
5.841144730273376551e-01
-8.989797980440392688e-01
-3.697355709548728053e-01
1.726592971998083814e-02
-3.807636255993766539e-01
3.060902635944795502e-02
-1.265328202486022680e-01
1.000000000000000000e+00
-1.000000000000000000e+00
-7.563282545383984701e-01
6.164514628402442131e-01
4.127881583330992865e-01
8.791711761132641190e-01
-1.000000000000000000e+00
1.717103135997701813e-01
5.827159949385294357e-01
3.801425674168243951e-01
-4.782057798774783652e-01
4.941331930181469545e-01
-9.971053020609729756e-02
9.753009791842885967e-01
-1.000000000000000000e+00
6.438775780835264140e-01
-1.000000000000000000e+00
-2.024105751096620942e-01
-5.310435813644860392e-01
6.502550977290426637e-01
-4.595007689684664776e-01
1.604463226404957421e-01
7.445968173863832806e-01
-8.261935109673136379e-01
8.025832274577142655e-01
-9.011917643126798882e-01
1.129885024938338534e-01
-6.813131118540693976e-02
6.645625555082105285e-01
2.533916128186344263e-01
1.000000000000000000e+00
1.000000000000000000e+00
1.000000000000000000e+00
-1.000000000000000000e+00
-7.298612755569923172e-01
-2.792622685161216811e-01
3.143015776741453493e-01
4.108747963326256913e-01
-6.075575503936125887e-01
9.296774959147615647e-01
-1.000000000000000000e+00
-2.012959948346001726e-01
1.543934859507893331e-01
-2.256415352398833118e-01
-5.975345491088973615e-02
-4.992916874554828022e-01
6.008608545756652930e-01
9.658152934430040970e-01
-9.964206861585400699e-01
8.711318748743357432e-01
2.732929164082520401e-03
1.000000000000000000e+00
4.676074436194519457e-01
-1.000000000000000000e+00
1.065934669138481894e-01
-7.306521130937004838e-01
4.265576365420280514e-01
-1.000000000000000000e+00
-1.000000000000000000e+00
-1.000000000000000000e+00
-9.408141018801357003e-01
7.807619304055912757e-02
-1.534984788050768323e-01
-1.978618520480872611e-01
-6.357359729896358003e-01
7.284192621983369698e-01
-3.821364688849845925e-01
-5.111487233247463680e-01
-1.000000000000000000e+00
3.376157337614970055e-01
9.008503033751986688e-01
1.000000000000000000e+00
8.745545282869188197e-02
-5.448536406449033809e-01
-9.011466395758969128e-01
2.023170218738560289e-01
1.815003568881758678e-01
1.000000000000000000e+00
-8.415100968925681713e-01
1.744133009371806875e-01
-2.935127932456902955e-01
7.630275650272692889e-02
8.152306059086464884e-01
-1.000000000000000000e+00
1.000000000000000000e+00
3.783536927437200492e-01
-3.289997495355106993e-01
-4.888191570619085935e-01
2.919508698220435461e-02
5.577406919299353616e-01
-8.891601972461760095e-01
2.196948650240602707e-01
-2.338086403800704316e-01
9.291985521829921879e-01
-4.906795010168016891e-01
-9.699810541898801208e-01
-1.000000000000000000e+00
5.392071777628096307e-02
-1.435541937817401692e-01
9.406911406532174613e-01
-1.000000000000000000e+00
-2.835567065412991083e-01
-9.643904221354910877e-01
-4.638726284062415495e-01
-3.858777297936791251e-01
4.507218689181867743e-01
1.832374628208823797e-01
-3.611470970605025199e-01
-1.512100500994402186e-01
-8.760586395635988621e-01
2.870256773307772180e-01
4.275651320462039440e-01
-1.000000000000000000e+00
-2.929816352659208034e-01
-1.632423484514929080e-01
-1.000000000000000000e+00
5.225963187208808591e-01
-1.421604738693449388e-02
1.000000000000000000e+00
5.781124077281254436e-01
-8.421849940037122728e-01
2.624268561260418853e-01
4.283552652954639717e-01
-5.253810706132000519e-01
-1.359678432734270359e-01
-1.000000000000000000e+00
3.703537321613720734e-01
1.000000000000000000e+00
-6.006668459694164408e-01
6.971694811417894488e-01
-1.000000000000000000e+00
-6.759310037545962491e-01
4.686847928041744105e-01
-1.000000000000000000e+00
8.726542602955925654e-01
-3.985215436244265996e-01
-3.111173953490682376e-01
-2.142575496158194426e-02
1.000000000000000000e+00
9.556171686099016460e-01
-3.013217879438273572e-02
-8.674283466537113796e-01
5.453684039132389305e-01
8.676285382473453156e-01
1.000000000000000000e+00
-4.647925760261931161e-01
-7.273201511390452456e-01
5.608537909680624267e-01
1.000000000000000000e+00
8.285395051160799884e-01
-2.957189107872249534e-01
-2.288402540408467356e-01
1.000000000000000000e+00
-1.606895518145346480e-01
-4.019228871253531510e-02
8.233017343643981301e-01
9.962045040673971341e-01
-2.846435094825919276e-01
-5.367573835132117832e-01
5.643518961247762089e-02
-1.000000000000000000e+00
5.989001512228994129e-01
1.000000000000000000e+00
5.043577871244594446e-01
2.576717447237545366e-01
-7.110963811121521205e-01
-4.379884288193157116e-01
-5.608923974679573821e-01
3.160467114095114050e-02
1.000000000000000000e+00
