9.250910731714354629e-01
-3.589131261592117816e-01
-5.720023781541425656e-01
5.699103742734972222e-01
6.433533112866602899e-01
9.521881660140545378e-01
-5.173587527651712925e-02
9.470368114511085178e-01
5.735329763645329315e-01
2.618854749886845301e-01
3.724316634083273403e-01
5.672484090849683191e-02
2.717760898552543658e-01
5.230459164028971042e-01
-7.117660859697005904e-03
3.232809149635691437e-01
-6.027901290746391361e-01
-6.963683982327004696e-01
-2.536859249132545902e-01
-3.591256393371455857e-02
-9.553069717862225918e-01
5.353574335216517710e-01
3.562046587069866987e-02
-1.066108676425632229e-01
3.591287638044087238e-01
-2.508234991947029258e-01
9.006950688013106721e-01
9.804610914603653082e-01
7.098385825293722640e-01
9.188409007647682092e-01
7.600212820736311770e-01
-4.354293322644071651e-01
8.457785311131362782e-01
-3.037734104657818790e-01
6.336607719034959008e-01
-2.431715779913468101e-01
-2.552302780199182664e-01
-3.383034064377519190e-01
7.439057715295518403e-01
-8.656658185329164645e-01
-6.050854453519531884e-01
1.344326088377822970e-02
7.005164404110337806e-01
-9.918175416489347640e-01
6.495402859538403906e-01
1.222408889273201016e-01
3.050480952568122017e-01
3.984985126347677653e-01
8.158508722880106756e-01
-2.562809217140142870e-01
2.202375296474827771e-01
-3.820395975198911387e-01
4.300318293149898441e-01
-1.948402881871613701e-02
-7.976069353949015728e-01
4.399788427617623565e-01
-9.430109898297402982e-01
-1.197549483437754247e-01
2.317423517679468858e-01
1.226111878276783251e-01
-4.400603413248094231e-01
8.891592856255901012e-01
2.536496843209781193e-01
-3.081771748157497992e-01
8.716530275816427586e-01
8.588507988282325645e-01
7.382806509214954183e-01
-8.253895076656434515e-01
6.022600953447594385e-01
4.022772854601435188e-01
2.492075603177414944e-01
-3.598267058482811365e-01
9.416873497818813998e-01
-8.463760687440595731e-01
-8.176975565613187058e-01
-7.039121080853512069e-01
4.154744192029484751e-01
-4.099188003161202687e-02
8.235610530049988220e-01
-6.846028499930141287e-01
-1.687173668508392677e-01
1.477282628911602558e-01
1.615458083252898636e-01
6.153205191795110274e-01
-5.572238651062053627e-01
-8.422922538258079683e-01
-5.696877344127369014e-01
-3.660907393950756372e-01
-6.507919106420789745e-02
7.600627359924789772e-01
8.677503280845129119e-01
-2.348024448001333475e-01
-9.328291816128386760e-01
-5.396493884152264719e-02
7.688614748303477242e-01
-7.673855027474176804e-01
3.918753079566890118e-01
-2.515762414911246747e-01
-5.503438095302783939e-01
-5.273717750071220678e-01
-9.555007928881802393e-01
2.417632839510102105e-01
9.586624062405968427e-01
1.566894468323258849e-01
-4.929343496249336543e-01
-4.536327002629052529e-01
-4.594748476903893764e-01
6.812208812377607003e-01
2.581282294739632999e-01
6.162196874513916622e-01
5.783906709403967561e-01
1.460079848993609541e-01
5.729842809052378971e-01
3.402272040284177734e-01
3.743503282126932064e-01
-1.743946608592827907e-02
-8.500444765361863109e-01
3.176436477233270939e-01
-7.627220723039229711e-01
8.394353441393254123e-02
-2.128790546802412642e-01
8.359891663612506463e-03
7.988822429321758012e-01
4.454968941127768201e-01
-8.426637479189076352e-01
-4.559573721190941509e-01
5.222986016181363489e-02
5.678595719430061806e-01
-6.700853997959781427e-01
-4.488475541494190146e-01
-7.093782283687251056e-01
-8.133106382153398872e-01
-4.835991930127119254e-01
-4.352177368986702710e-01
1.392472983122383656e-01
-1.811613275842824944e-01
-6.634158251741115730e-01
-5.699334091780836609e-01
4.778091021961023976e-01
-9.324655319744128423e-01
3.920758779909989666e-01
5.285040305146426753e-02
4.391755360349480775e-01
5.784802816428009642e-01
4.224574916341989894e-01
-6.146421319598838195e-01
2.368498310606947932e-02
7.037814932431993853e-01
4.029116149022171633e-02
-1.946625997424322740e-01
-9.508511163377573183e-01
-4.494789816794759751e-01
5.751687567269956336e-01
-4.573451017349643433e-01
-6.313065588617472468e-01
9.842260470120600679e-02
-3.906307846565886255e-01
-9.876308180514437041e-01
-6.974382120466600110e-01
7.733884969640738571e-01
-4.600941485985765578e-01
8.417594029203485650e-01
-9.717613786283756383e-01
4.643854995856204759e-01
-6.712805310631639877e-01
-8.330147664828566612e-01
-7.549147678047223309e-01
9.666696132418006737e-01
8.010784346706982806e-01
3.706506003518550418e-01
6.851500588397627656e-01
-2.784632919579110855e-01
3.631469664167974454e-01
2.297399042003582803e-01
-3.555347272563531558e-01
-8.677337566367224753e-01
1.496616355305113721e-02
-1.710961293089252599e-01
1.680232053672465753e-01
3.584988154303425656e-01
8.745653482994919514e-02
-4.653700434204326442e-01
-9.131608649535689626e-01
-6.720560193596407661e-01
-6.841054864940332436e-01
2.213742310413913117e-02
3.394341222366015209e-01
-1.814858859536669922e-01
-3.749545781051448756e-01
4.864004302117814760e-01
2.593555506276223888e-02
-1.140123508215531434e-01
5.696802860744927255e-01
3.259830972101496194e-01
-9.635431184351350709e-02
1.857845413665495382e-01
5.867810903570251924e-01
8.399736756996871723e-01
3.359538494894183103e-01
-5.296165546499573828e-01
8.648139184458878415e-01
3.593445992711157277e-01
8.152494075933074402e-01
6.438502565495716201e-01
8.701711300184258313e-01
8.766127533652645631e-02
-4.032359469467352575e-01
-8.350279357885188602e-01
-3.094729842763597194e-01
9.964142985759740778e-01
2.941130970182175286e-01
1.600301400023542708e-01
7.340600905118248587e-01
6.984737658967870022e-01
2.494601833375673650e-01
7.589791400157970269e-01
-2.479499561396973917e-01
-8.014813130147711018e-01
9.570093388144098601e-01
5.428678912990934080e-01
-5.417268418759326742e-01
7.502955929494723453e-01
1.957330900789002737e-01
-8.514694959865496404e-01
1.377667353205749290e-01
2.636552149783200072e-01
8.692704066374641325e-01
3.018469781200350255e-01
6.824948324769406494e-01
4.630005587422396651e-01
-9.589197937566356078e-01
5.759931933998259090e-01
-7.055940015278390209e-01
-4.578284681030879710e-01
7.281155352279653492e-01
7.495447515961495277e-01
-7.965860428212157007e-01
1.985241568604716456e-01
-9.728294527278125159e-02
6.822788169724514074e-01
7.167249569894686978e-01
-3.947385181181899405e-01
-9.883563519306504119e-01
-9.693312231910828913e-01
-3.267789774185809737e-01
1.314308222384774627e-01
4.230484172699908729e-01
5.391456610901788071e-01
7.075454321646401645e-01
-1.115795504133574312e-01
-3.035690745537891200e-01
-3.438935556055022769e-01
-1.950874161824218689e-01
-3.060443837112354348e-01
5.840808951686193851e-01
-8.272870790799631280e-01
-8.663813652527942999e-01
-4.700392407960716223e-01
-3.096741556992330668e-01
2.290945439684566320e-01
-2.003323894700321794e-01
3.411816664165010504e-01
8.204100437189443262e-02
-8.166868715422601621e-01
-6.708016068033526569e-01
