1.000000000000000000e+00
-8.547296863917932530e-01
1.000000000000000000e+00
-1.000000000000000000e+00
-2.994847531850065581e-01
2.318493363533045692e-01
6.041447680086301508e-01
-2.595822595403300959e-01
-7.348054451076894145e-01
-3.909619162469712972e-01
-5.953703977486155541e-01
9.185766345628881835e-01
3.675373301884710120e-02
-3.112369603046590827e-01
-2.764532845371176495e-01
-6.678739216546627500e-01
2.348673865494060320e-01
7.084518658113025946e-02
-1.000000000000000000e+00
2.773874190587826694e-01
6.317964123751635963e-01
-6.878458159351878987e-01
9.240848798741763126e-01
-4.360210232475277836e-01
-7.383209514923273487e-01
1.000000000000000000e+00
2.547283017057984100e-01
1.000000000000000000e+00
1.737293946383267063e-01
6.163924578811301735e-01
-1.000000000000000000e+00
-4.813875648014986908e-01
4.094018761705535414e-02
-9.034447198144319735e-01
-1.000000000000000000e+00
2.674996363285025991e-01
6.376553481924269740e-01
-1.000000000000000000e+00
1.000000000000000000e+00
-4.557666001279615520e-01
3.321281003012954702e-01
9.685046311637925953e-01
5.664085812022285893e-01
-1.000000000000000000e+00
1.851467492829642625e-01
-4.675699637616899662e-01
6.688754339072535693e-01
8.872727438780096954e-01
5.046996452397770616e-01
1.000000000000000000e+00
-5.160568435284500488e-01
-1.000000000000000000e+00
1.000000000000000000e+00
3.301491834154404170e-01
-1.241034021628337758e-01
-2.046231166815652425e-01
1.607068717688715509e-01
1.000000000000000000e+00
9.162799768175921011e-01
-5.216415040788650037e-01
-4.090446519043827722e-02
-1.000000000000000000e+00
1.000000000000000000e+00
-1.000000000000000000e+00
6.821301158912964624e-01
1.682736070434170117e-01
-6.402206811407447073e-01
-4.490859083165975041e-01
-1.000000000000000000e+00
-3.163365515245455395e-01
-3.840597019804352641e-01
1.000000000000000000e+00
-1.245188737719582495e-01
-9.104974150599992599e-01
4.520643291256726259e-01
-4.674343334176865872e-01
-1.000000000000000000e+00
8.206495924783268059e-01
1.000000000000000000e+00
-4.925765874990344351e-01
-5.506692876607610643e-01
-1.000000000000000000e+00
-9.653858171828763046e-01
1.000000000000000000e+00
5.912012940047925991e-01
4.215741733827612636e-01
1.000000000000000000e+00
1.000000000000000000e+00
-2.461111512276921154e-01
5.727560909215265728e-01
9.795097269971811960e-01
-1.000000000000000000e+00
1.000000000000000000e+00
-1.000000000000000000e+00
9.456703711219009989e-01
-1.000000000000000000e+00
-9.406555810307459797e-01
2.685629458392138069e-01
5.897188106613255876e-01
4.557684167543429865e-01
4.118906580760089975e-01
-9.326168140376378535e-02
9.202253606003845121e-01
-5.669110731450757168e-01
5.133384514410930244e-01
1.000000000000000000e+00
3.665591807166572735e-01
8.266887187730884712e-01
-1.000000000000000000e+00
7.377247207181476529e-01
1.000000000000000000e+00
-4.220567105844446054e-01
-7.439436940820605138e-01
-1.000000000000000000e+00
-5.575018926208517023e-01
-1.000000000000000000e+00
1.000000000000000000e+00
-5.418082800877286331e-01
7.548744937612188455e-01
-2.551257836869047502e-01
-4.697040550337483467e-02
-1.000000000000000000e+00
-8.518531210253514896e-01
1.303610501068082628e-01
-9.338506607848086061e-01
-1.000000000000000000e+00
4.076794170407528339e-01
-1.722752339444168224e-01
5.788141819856537085e-01
-2.322411053037045092e-01
1.000000000000000000e+00
7.345199255742400624e-01
-1.000000000000000000e+00
2.852584924237193675e-01
-1.000000000000000000e+00
-8.312971461312963495e-01
6.787505479798066066e-01
-7.725102147903512018e-01
8.381766378283772578e-01
2.401792266270884602e-01
7.912076302114083859e-01
-2.690264923601646263e-01
-7.166541609851083683e-01
-8.058749768542129432e-01
7.061177990843998664e-01
-8.471491072832056934e-01
1.491728333193944600e-01
-3.358029837197515910e-01
7.382928608501666545e-01
-7.342201883501289217e-01
3.633105114917954959e-01
1.000000000000000000e+00
-3.612247752640449505e-01
-8.100919674715296726e-01
-9.995772041510975203e-01
1.000000000000000000e+00
-1.000000000000000000e+00
5.060729038372301369e-01
-1.000000000000000000e+00
1.000000000000000000e+00
4.055105259863726053e-01
-2.793822053596431987e-01
-8.121595039781082104e-01
-8.446286582311524072e-02
-9.476535186276380252e-01
-1.000000000000000000e+00
1.708805236771491765e-01
-1.603957812304178665e-01
9.840518463510387059e-01
-1.000000000000000000e+00
3.633469289656322543e-01
3.104182762222099656e-01
3.299571907297418338e-01
-8.372550487468382041e-01
-1.000000000000000000e+00
-1.000000000000000000e+00
6.957399311912806361e-01
-1.000000000000000000e+00
-7.280575584792741139e-01
-1.000000000000000000e+00
5.659011089753359647e-01
-1.764348760028535690e-01
1.000000000000000000e+00
-1.000000000000000000e+00
-8.502837864256967970e-01
9.480213757392212948e-01
-1.000000000000000000e+00
-1.000000000000000000e+00
-1.000000000000000000e+00
3.303566572139307600e-01
3.699020222638986222e-01
5.283245077438263326e-01
2.922391277304586810e-01
-1.031612633313417349e-01
3.624663956627500738e-01
-3.814006506210195768e-01
5.210965270883647360e-01
-2.132202865554149174e-01
-1.000000000000000000e+00
-1.000000000000000000e+00
3.643084575305177708e-01
-1.000000000000000000e+00
1.000000000000000000e+00
3.875127133290392489e-01
-3.332398245684646543e-02
-2.777578508231879351e-01
-1.579402804830702944e-01
2.132470583528492947e-01
8.840537391992209226e-02
1.000000000000000000e+00
-4.890205633178223987e-01
-7.714500166693627481e-01
1.921968510647692197e-01
9.202100165869344650e-01
1.000000000000000000e+00
-5.835001391892267186e-01
-9.211440480671967412e-01
6.725289375647860446e-01
6.993740051743453368e-01
-6.888053417115100885e-01
-9.770402404037736854e-01
4.324272279829965981e-02
1.000000000000000000e+00
9.836234924571773952e-02
6.743214584747947438e-02
5.888417260668521447e-01
9.762563875127338031e-01
-4.398492389096203548e-01
6.761758306288456755e-01
1.000000000000000000e+00
9.485072150780057276e-01
1.952109047781863671e-01
7.653526499817149276e-01
-3.336937918186844154e-02
8.242135434634052515e-01
-8.998456902712497207e-01
-8.109940913908866289e-01
3.346452293556476665e-01
4.912554318446638035e-02
-1.000000000000000000e+00
-6.023220263917615502e-02
-1.000000000000000000e+00
2.855503897663356216e-01
-8.609207798014297808e-01
-6.428016173848456472e-01
-1.000000000000000000e+00
1.749689174033577377e-01
6.124872101206521036e-01
-9.434409849656697489e-01
4.589626107070262084e-01
1.000000000000000000e+00
1.000000000000000000e+00
2.456744189366013575e-01
6.627208771050357994e-01
1.161389990438099762e-01
1.000000000000000000e+00
-3.686423777666861801e-01
8.096676972583414233e-01
1.000000000000000000e+00
-6.967861719058827674e-01
-7.993598402333439434e-01
8.094484002628513641e-01
6.170397303274319928e-02
1.322991699869689453e-01
5.843174058488224132e-01
