4.092387232380803042e-01
5.861325141596915866e-01
6.942703589928326258e-01
6.931911687980064629e-01
3.597284540370695449e-01
-8.751370169290435541e-01
8.726003965457269640e-01
-4.690161756324195408e-01
-5.066942607105042740e-01
5.193691204248485072e-02
9.130111493189063676e-01
-2.198488086587819523e-01
-1.890589814498261356e-01
4.059332305668884588e-01
2.685730612548996588e-01
4.829535068258342667e-01
9.471253898075269184e-01
4.869368504106401652e-01
1.670007900017222990e-01
-3.566144768162269330e-01
-8.672876942809443213e-02
5.130881857555860126e-01
-5.127830898816958527e-01
-2.225971025081868726e-01
6.549283119913715812e-01
9.924718047164818313e-02
-1.000000000000000000e+00
-9.213063082814576532e-01
-7.895853488377183593e-01
-6.616704281517559183e-01
1.000000000000000000e+00
2.864794020312521616e-01
-1.000000000000000000e+00
-1.000000000000000000e+00
1.000000000000000000e+00
1.319059317091361705e-01
1.940979900138639636e-02
-7.705511192815419630e-01
3.890004960315319726e-01
-7.092598185914499309e-01
-4.006579201962222614e-01
1.655694118296509032e-01
5.164507058734125744e-01
2.346014979569555070e-01
-3.559233376569861385e-01
-1.000000000000000000e+00
2.098326114066323411e-01
3.111331798568246487e-01
9.824206529605068461e-01
-5.581262335453871515e-01
6.555782877999764002e-01
5.474206095959224250e-01
-4.026876854464744304e-01
4.251518817666888328e-01
3.626156319127915584e-01
1.228944782804185093e-01
4.637712749713324145e-01
9.085181946225362459e-01
5.545134164209648553e-01
1.671853288842516383e-01
6.039615271994021040e-01
8.714266188142415492e-01
4.213575739388718544e-01
-1.000000000000000000e+00
-3.501480626386243022e-01
8.973008735849201667e-01
3.281331607280412177e-01
1.000000000000000000e+00
8.090290315195836079e-01
4.874224299698055041e-01
-5.389339995481121637e-01
1.000000000000000000e+00
-7.429784692190354312e-01
-5.858039201880989033e-01
1.000000000000000000e+00
-3.995365457273466481e-01
6.276774116772758649e-01
7.144567278226059415e-01
1.000000000000000000e+00
-5.113348194349004450e-02
-3.905454161136093783e-01
-9.982865956069331137e-01
-4.934086129614185245e-01
-1.000000000000000000e+00
-4.191266879780977117e-01
-2.302475965225982413e-01
2.624189849582451162e-01
6.226289957063255720e-01
-1.000000000000000000e+00
-2.258389851135051141e-01
-1.000000000000000000e+00
7.116504017691642758e-01
9.192368201050594712e-01
-6.144369833482731247e-01
-7.476513437310248200e-01
4.675163779655548413e-01
-8.762779963965184882e-01
1.997667090403111856e-01
2.742177850692265051e-01
2.188568268097776937e-01
5.607510410449378924e-03
3.965496057571751276e-01
-4.741948610334389969e-01
-3.171553685531803279e-01
9.627161889325270838e-01
9.256649617629642002e-01
1.483263954402622986e-01
1.000000000000000000e+00
7.018415557243748992e-01
7.629360156807293292e-01
-9.208587439911795069e-01
9.275432765698854443e-01
5.079157740759100426e-01
-9.128893808406132182e-01
4.347837814170418813e-01
-3.432546523230285418e-01
-1.000000000000000000e+00
-6.030626941119460183e-01
-2.120411680109155761e-01
-5.807727445279808887e-01
-5.732804934007031950e-01
8.268432902971500909e-02
-8.767183335159819402e-01
-3.247486413369384262e-01
3.652406551881315910e-01
-6.054704269574507913e-01
-5.592963637954679879e-01
-8.703017676715995021e-01
-6.313334575500861856e-01
-1.167608656604803841e-01
8.956597294718922075e-01
-5.670842328139962252e-01
-1.000000000000000000e+00
1.501115914644701732e-02
-1.554955667920991658e-01
-1.191529572775626988e-01
-1.153655118370839894e-01
1.103889756992800231e-01
9.596778490105206672e-04
8.947415429660503516e-01
-1.000000000000000000e+00
6.274698072352719036e-02
-1.000000000000000000e+00
1.694765800597970440e-01
-3.069674414112013028e-01
-1.000000000000000000e+00
-1.265886434520236969e-01
-4.557399012842762165e-01
-4.532636744610627488e-01
2.357848152797199504e-01
-3.890802094187850724e-01
1.000000000000000000e+00
-1.000000000000000000e+00
9.621396099540757696e-01
-4.022905082234536356e-01
-2.210025856396233834e-01
-5.650543255512704421e-01
2.917532339045649792e-01
1.306206523420006815e-01
6.908033652031788652e-01
6.923366140783737688e-01
-4.644753587864736133e-01
-6.227583538977172761e-01
-4.372461052714415874e-01
-6.141526745064329607e-01
-1.340164274741045825e-01
-8.431549993077975813e-01
-1.000000000000000000e+00
3.127887062798602180e-01
7.065023768471859755e-01
9.657614994176750844e-01
4.419494887298419661e-01
8.818687627391668116e-01
-1.000000000000000000e+00
-1.000000000000000000e+00
-5.797844582503008937e-02
7.324057565523154345e-01
1.000000000000000000e+00
1.000000000000000000e+00
1.000000000000000000e+00
6.924375571807750429e-03
2.908691471155898656e-01
5.588819486920947321e-01
1.000000000000000000e+00
-1.657441435179715927e-01
-6.136007569087111868e-01
1.000000000000000000e+00
1.135598676370717514e-01
9.311639763082252275e-01
1.000000000000000000e+00
2.035565117163562476e-01
-7.543657445978322329e-01
7.648753636129006495e-01
9.086100330098334510e-01
-1.000000000000000000e+00
-9.333657929265065656e-01
-1.000000000000000000e+00
1.000000000000000000e+00
8.209180722297805266e-01
9.480788815161372840e-01
-1.400513062310831391e-01
1.000000000000000000e+00
-3.413765891387504636e-01
-9.610403603144825890e-01
-1.000000000000000000e+00
-2.036099522094527714e-01
1.323113698503569913e-01
-9.017588491139532092e-01
1.457498824266827975e-01
-4.997330062747612489e-01
-6.328952595134109682e-01
-4.419475889517841538e-01
-5.300926386969150306e-01
4.081288970150065420e-02
4.391221950399726293e-01
2.647886250056150637e-01
1.733568393017188569e-01
7.633219776784829769e-01
6.932277661383428047e-01
5.342031112507028556e-02
2.529117729781804047e-01
-4.565942511905830559e-01
9.337701470979931084e-01
8.738900119429586777e-01
8.068984679006659944e-01
7.162118452848793559e-01
3.472652127865590299e-01
5.986205304885048317e-01
3.265022548677804504e-01
6.480932814279672938e-01
-7.761018735310059036e-01
-9.027969555168287030e-01
8.066277788223585876e-01
-2.978645306823037853e-01
8.592777824732902303e-01
-3.767051345978811305e-01
7.484423264085122984e-02
4.469015869430438270e-01
3.181541731304760590e-01
1.000000000000000000e+00
-1.000000000000000000e+00
-6.952042042176437286e-01
1.107995850160792273e-02
-6.847955839016697244e-01
-7.096766989722118613e-01
-2.335750845229426220e-01
-1.000000000000000000e+00
8.966720440176431106e-01
-7.676129039482817440e-01
-1.000000000000000000e+00
7.354511659649759503e-01
-2.131954916419107615e-01
3.597078860227531649e-03
-6.331850861857164503e-01
3.793848592804858200e-01
-1.000000000000000000e+00
6.435443062519319302e-01
-8.351839365702611317e-01
1.000000000000000000e+00
5.403171705833347271e-01
-8.930451672017301057e-01
9.702154210893910724e-01
-3.073633069477039736e-01
1.000000000000000000e+00
-6.877367237896176988e-01
