3.964075065269414000e-01
6.589505409340847830e-01
7.701949679646963309e-03
-1.000000000000000000e+00
-5.860371064479840131e-01
9.938494030276396884e-01
-6.359585637449082229e-01
-7.431436715519740277e-01
9.205882780716754255e-01
-9.184191404768321521e-01
-4.012158777386387598e-02
-3.621429907440024687e-01
1.000000000000000000e+00
5.284927367274381282e-01
5.958580958841581676e-01
-9.493398005062975153e-01
8.064444549441384114e-01
5.865205069355627909e-01
-5.060785587902474347e-01
7.921789248761978985e-02
-1.044562899177726156e-01
-1.000000000000000000e+00
-1.000000000000000000e+00
-1.193537558635469065e-01
2.061363702461143088e-01
-1.992307665821064777e-01
-6.594477431704715009e-02
5.820928058157031071e-01
-1.000000000000000000e+00
-5.533328730297130127e-01
3.614447867139449766e-01
9.301424288735165025e-01
-1.441722047171309917e-01
6.695030684892038231e-01
7.672297781274017847e-01
-4.960395996799377705e-01
-7.441080662574518501e-01
8.287385124690161975e-01
7.771604786774243268e-01
6.331658023489006304e-02
9.353962822583550274e-03
4.269002824578203015e-01
-1.526173323769227375e-01
3.387912051186403595e-02
5.005678813449786907e-02
3.365131498074370175e-01
3.441533601653511409e-01
1.000000000000000000e+00
-1.434005438771269736e-01
-9.587407536648677731e-01
-1.000000000000000000e+00
4.206672913317968110e-01
4.001226850491523823e-01
-1.448487320809495882e-01
-1.000000000000000000e+00
9.230617890558338035e-01
-5.958453783513140145e-01
6.319125040434995233e-01
1.000000000000000000e+00
6.408479119593472051e-01
1.000000000000000000e+00
-5.848670960815538500e-01
1.401149842966420977e-01
8.422659595800016108e-01
-4.005411349851847880e-01
-4.511882833259015513e-01
-2.662788943128596708e-01
7.748058570581766169e-01
-2.953968409216154445e-01
3.295469909540849063e-02
-7.501403170667531040e-02
-5.333294339301744014e-01
4.157531919503968387e-01
4.281519017525927673e-01
9.291759224971972708e-01
-1.000000000000000000e+00
7.240407640079753460e-01
-4.635040964425898302e-01
4.224020678960418440e-01
-5.506751479764182555e-01
5.276768830936076071e-01
4.108974917784964376e-01
-1.000000000000000000e+00
-6.440868908569095108e-01
1.000000000000000000e+00
6.730251776329336799e-01
3.808853496942310457e-01
-7.726711741863157012e-01
7.891466524587389397e-01
6.423932241089926887e-01
1.000000000000000000e+00
7.498711528968966533e-01
3.181641972533368889e-01
-1.000000000000000000e+00
-2.778819806314318797e-01
1.707282371749695438e-01
-3.156167510579633295e-01
4.042217847321206148e-01
1.000000000000000000e+00
1.595090023258157741e-01
-6.117418189421057750e-01
-7.049386698161290710e-01
-4.241208680949422050e-01
1.000000000000000000e+00
8.806364812563366451e-01
-1.716213892780381611e-01
6.816566741215170921e-01
1.000000000000000000e+00
-3.700812460134923487e-01
1.000000000000000000e+00
1.000000000000000000e+00
-8.214602416257199557e-01
7.890911712897377139e-01
-6.114140482527240517e-01
2.078022657052148170e-01
9.478430247368963002e-01
-4.843407934873127929e-01
-7.665605883756070327e-01
-9.592903707015258963e-01
1.000000000000000000e+00
-7.896453457755999716e-01
-4.097228447155608633e-01
-2.131252436606751455e-01
-2.411887364897435937e-02
1.000000000000000000e+00
-4.447100845857557827e-01
2.844693189580789205e-01
3.263380534433146796e-03
7.002033032058124773e-01
-1.000000000000000000e+00
-3.206985185942146654e-01
1.000000000000000000e+00
-6.981989672974222572e-01
-5.173462384896154731e-01
-3.004981140225539971e-01
-7.800345145382129308e-01
9.082417640193740649e-01
5.254492208585509472e-01
-4.919584133049800245e-01
1.865917152928257550e-01
-2.424159229893603218e-01
2.896716351279613466e-01
-4.370493767055977363e-01
-4.002414652957909658e-01
4.357430920025562315e-01
-1.000000000000000000e+00
2.583191450643138598e-01
4.708903210003037021e-01
-5.677060901106489865e-02
-7.589833568570363287e-01
2.182361912535932813e-01
-5.966620803078692692e-01
-9.282233667053352288e-01
6.081859606048013456e-01
-2.833217383386501531e-01
-3.647018538306110447e-01
4.523818975867588410e-01
-3.023428050405002065e-01
-8.084335810099716468e-01
1.000000000000000000e+00
6.590637073468327278e-01
1.000000000000000000e+00
4.220312332122859722e-01
-5.347249819883798105e-03
4.458409843933874295e-01
-3.571037229161884152e-01
-7.384417681086653529e-01
8.794514208031370961e-01
5.344162248847355023e-01
-2.715380718334569066e-01
-1.731102707365902438e-01
7.319444096388159071e-01
3.715438570336419000e-01
5.146877251358137340e-01
-1.991913922143244697e-01
9.955606785144763826e-01
-5.936571103719279208e-02
9.342980492922919877e-01
4.196957697145403121e-01
4.211874319647688214e-01
6.913492615275641517e-01
-3.254756025493072413e-01
-1.000000000000000000e+00
2.220395189249935175e-02
-4.011276913586903081e-01
1.000000000000000000e+00
9.419808518944704501e-01
-5.866092184944040611e-01
3.574407845822086260e-01
-4.666210651408886911e-01
-7.427737185469867054e-01
-2.668939537256231898e-02
-4.261644476143002791e-01
5.316190355123318056e-01
1.000000000000000000e+00
2.036476376326588622e-01
-3.897889663511128200e-01
-4.631623823600296008e-01
-1.000000000000000000e+00
-3.228105362550443003e-01
2.353171057045877479e-01
-5.921727811569141853e-01
8.817140503002013352e-01
-2.300286001254647772e-02
-2.245253894297349895e-01
-3.693433187258980399e-01
-4.523356675748876898e-01
-8.080800890044828044e-01
7.742190882661537099e-01
1.240138288343626272e-01
6.113001195113736408e-01
1.116201365779089794e-01
8.615536638425670413e-01
-1.636592990276915238e-01
-3.652741413651920954e-01
-1.000000000000000000e+00
-3.498570268676326478e-02
-1.000000000000000000e+00
4.707525283992745613e-01
-4.727984701250662614e-01
9.941765604262020606e-01
-6.724389898083606987e-01
6.228356944581929788e-01
-4.098567279825643395e-01
6.438463531030811371e-01
-2.157508186359655689e-01
-5.981816715652787941e-03
8.308542188819632024e-01
6.515523153060016615e-01
5.622438913848877284e-01
-3.567702117392579364e-02
7.973663313893268878e-01
9.132242932826069026e-01
-1.457806700289941693e-01
1.000000000000000000e+00
-9.203065445243103770e-01
-2.157073719067444939e-01
1.000000000000000000e+00
9.275395003133888316e-01
-1.515563014657254071e-01
-1.824717749144125212e-01
-9.012400652616103791e-03
-1.000000000000000000e+00
1.000000000000000000e+00
1.000000000000000000e+00
-2.917227737123826992e-01
-3.197029359941650495e-01
2.733546663932306386e-01
5.193880145014098115e-01
-4.065162329680915843e-02
-9.390635894458276844e-01
1.000000000000000000e+00
-3.167246543647407320e-01
5.247218103692095070e-01
6.565458304576683446e-01
4.986248493666640691e-01
-7.309939289162092901e-01
1.000000000000000000e+00
5.612677289191403407e-02
-1.000000000000000000e+00
4.362505115667382194e-01
-5.348475880941201410e-01
-1.996269403516359731e-02
-1.000000000000000000e+00
5.053079456409248493e-01
