-2.495226184007391934e-01
5.419928407297445183e-01
-9.932993010641515408e-01
1.000000000000000000e+00
1.000000000000000000e+00
1.234337589602393925e-01
2.221258534446508837e-01
-4.200576183543691666e-01
1.211063262264614193e-01
1.000000000000000000e+00
2.731469114255529185e-01
7.359390304547037687e-01
2.261077612899927425e-01
6.424329412965162911e-01
-3.243869560277657937e-01
-1.000000000000000000e+00
6.027364569620417001e-01
-3.935559906211262282e-01
7.340928086953597553e-01
8.217662145082833547e-01
7.130865040756348971e-01
-1.837156915683708647e-01
-1.000000000000000000e+00
-6.868985753823464435e-02
-9.610527996820694696e-02
2.317363988939633024e-02
-8.823948724096972729e-01
-5.491479554708729172e-01
3.379175775470888432e-01
1.167773886393046745e-01
-3.822065784899130736e-01
1.000000000000000000e+00
9.298354694025441347e-01
1.312936254819911941e-01
-1.748161281794453625e-01
4.487115290492582620e-01
4.715983805377366167e-01
6.871938908153121250e-01
-8.045212186518285735e-01
-7.730731892794615590e-01
-3.568934984030117663e-01
-2.732818781112372197e-01
1.000000000000000000e+00
-8.543734749858755695e-01
-6.076625969110560632e-01
-2.530137056257928951e-01
-7.947224943072490611e-01
1.000000000000000000e+00
9.852712216742917084e-01
-7.916839016464041201e-01
4.582242726876060712e-01
-3.990829728356986572e-01
-7.922359969686209036e-01
4.260382429240870406e-01
-6.099693195722207806e-01
-1.000000000000000000e+00
-8.680184023014217432e-02
-8.014426758830421882e-01
7.768036970194582835e-01
1.000000000000000000e+00
-6.346012376120682141e-01
-6.471254044234580061e-01
1.000000000000000000e+00
3.764531215516839779e-01
-4.729195343721970257e-01
-5.747524281477381924e-01
1.000000000000000000e+00
-2.442971206051251509e-01
5.018690827134441035e-01
9.973148154815810740e-01
-2.230882322730707856e-01
-6.276966470742366688e-01
-6.537519477042530447e-01
1.000000000000000000e+00
-9.963771861172170397e-01
2.941598104379362644e-01
-3.391822206885707902e-01
5.922934928336831550e-01
-1.000000000000000000e+00
-6.162194613215929428e-02
-9.637304255932911401e-01
-8.976792179572231634e-01
-3.322630164240347739e-01
-4.056065831666140209e-01
6.238940023859826378e-02
-6.744252347844790219e-01
-6.357300178708911176e-01
7.737076302491138202e-01
-3.785064678662841686e-01
6.828401616958674758e-01
-8.511829759186301247e-01
5.733882055327123028e-01
-1.000000000000000000e+00
-5.406748460283639091e-01
-3.531829362333093192e-01
-3.906068290799867837e-01
5.625519394550876351e-01
1.000000000000000000e+00
1.063989403236346443e-01
-2.974198232965191702e-01
7.281840349476847996e-03
-8.516455524030406288e-01
6.061395246100786949e-01
-1.525500479048300384e-01
-8.543766189259669463e-01
-1.000000000000000000e+00
-1.000000000000000000e+00
-3.827454017227988059e-01
3.127300823577708888e-01
-5.218429674384119643e-01
8.212397920466067980e-01
-5.619128191505459169e-01
4.060248061508234807e-01
-7.447275883150339393e-01
1.133530644320648317e-01
2.984943351224161323e-01
1.000000000000000000e+00
1.000000000000000000e+00
-3.883207465983303797e-01
-2.156979445573561360e-01
3.740759794305412722e-01
-8.022917970391271192e-01
-8.303310996198084437e-01
-2.744667013348672802e-01
-2.882700710264729516e-01
8.204629782073293853e-01
-1.187772556886967923e-01
4.889147103932023342e-02
1.422935176370916377e-01
5.532396348659407437e-02
2.899792987405798161e-01
-5.697542103085857512e-01
6.608355237659611081e-01
-1.485332814502764859e-02
-3.026692394811205666e-01
7.009603584015566824e-02
-2.163438348605099537e-01
6.195539422786728867e-01
-1.000000000000000000e+00
-6.315291911557172622e-01
-9.909680488099710249e-01
-9.263447572871563729e-01
1.000000000000000000e+00
1.000000000000000000e+00
4.636263248504349788e-01
-4.920990323686386669e-01
9.725958699402331709e-01
-2.634251438515633481e-01
5.279988918612419369e-01
-1.584759733323122255e-01
-2.864543920685285183e-01
-1.000000000000000000e+00
5.986756812933347049e-01
2.481151433635176984e-01
-1.000000000000000000e+00
-4.042004167004753512e-02
-1.000000000000000000e+00
-5.618318255499243907e-01
1.000000000000000000e+00
9.415832283528235980e-01
6.890972101864411004e-01
-2.301390991381405127e-01
1.000000000000000000e+00
-1.573649248463373507e-01
6.965765195870270432e-01
5.795094001815239704e-01
-4.584300660933359750e-01
1.000000000000000000e+00
-5.481535153232067747e-01
-8.310894446497234522e-01
-4.811874490806975491e-01
1.000000000000000000e+00
-3.925160483553226110e-01
-1.000000000000000000e+00
6.230451737448607918e-01
-6.133835937941410910e-01
-1.000000000000000000e+00
3.787200026311948742e-01
5.183295763728454908e-01
6.789849838436090579e-01
-3.419242094990817549e-01
-9.176607438116034521e-01
-1.000000000000000000e+00
-3.738973235944513251e-01
1.000000000000000000e+00
-5.531897900911655341e-01
2.947067806791814348e-01
-3.814219426120184497e-01
-5.614967696508408324e-01
5.171572337128149677e-02
3.220236743724485540e-01
3.446630152049553475e-01
-1.714782288255090048e-01
-3.075990065743244850e-01
-7.457826695893410296e-02
-2.010364342809394245e-01
-4.997553184013494021e-01
-2.373221096565281130e-01
1.000000000000000000e+00
-4.379727358543509252e-01
-8.858476395133986214e-01
-1.000000000000000000e+00
2.737418707451877431e-02
1.000000000000000000e+00
3.887133023598637882e-01
1.000000000000000000e+00
-2.816792337333963725e-01
-8.908773220582733021e-01
-3.417485777548451287e-01
-5.554605177216238587e-01
1.675591059792028159e-01
-1.265974581107244257e-01
8.529848437090183921e-01
1.000000000000000000e+00
2.325579785879472450e-01
6.867147302374245754e-01
-1.000000000000000000e+00
3.676739607006037636e-01
4.882445918295529319e-01
1.000000000000000000e+00
-3.310799613361169458e-01
-1.000000000000000000e+00
1.000000000000000000e+00
1.000000000000000000e+00
1.000000000000000000e+00
-2.346268017764048253e-01
9.583641903213340196e-01
2.167692825668655066e-01
6.222229820296617531e-01
-3.598040734731888790e-02
-7.283496675012028909e-01
-1.000000000000000000e+00
9.841915475890758991e-01
-1.384394637551199236e-01
3.794228989610942682e-01
-2.201740157614480720e-01
-8.704523285820108258e-01
1.000000000000000000e+00
4.984343449434984752e-01
-2.110219653242195181e-01
7.541350427167566872e-01
-8.949519372031580211e-01
5.143823411237433696e-01
-9.024955588352460145e-01
1.000000000000000000e+00
1.673034762841485446e-02
-2.697045042347031019e-01
-9.550505636626512862e-01
-4.268842272170524366e-01
9.458933089412112638e-01
-5.071765753602475169e-01
4.352089109314004611e-01
-4.165547660693538212e-01
2.581745555720770247e-01
5.362476078682751890e-01
-6.901690876660613316e-01
1.000000000000000000e+00
-2.451293191246448622e-01
9.904228252915242559e-01
8.209540284942544730e-01
-5.897691343983899603e-01
-5.900077892927446666e-01
-3.051058398236857760e-01
-5.750785571163872234e-01
-6.233577986728572329e-01
