-1.000000000000000000e+00
2.328416973938411405e-01
4.297473159508267138e-01
-4.329179969277334727e-01
5.503551442747838252e-01
-1.000000000000000000e+00
1.000000000000000000e+00
-4.050315900210604836e-01
7.517200635034243517e-01
1.000000000000000000e+00
-3.814870364510949408e-01
-1.816796828995416446e-01
-7.780668139599444810e-02
-3.856969420679701166e-01
2.139493212686839341e-01
6.054725245214362950e-01
-9.373986349993482792e-01
8.496194379001997810e-01
1.000000000000000000e+00
-2.891241293739117424e-01
-2.757658267933313923e-01
4.236552525303072247e-01
-9.885297500712271201e-01
6.371217178460231167e-01
-9.914895024339310803e-01
-1.000000000000000000e+00
-6.543108872510751128e-01
1.000000000000000000e+00
4.608986604306721802e-01
-3.924519102475787502e-01
-1.000000000000000000e+00
1.860360871903357360e-01
4.068698838025623932e-01
7.094928874288188858e-01
1.065506453379144181e-01
-1.465434840871597810e-01
-4.063780041630519202e-01
1.000000000000000000e+00
5.917683724559114067e-02
-4.549686854082206633e-01
9.843975244982462458e-01
-9.431488291048998329e-01
1.000000000000000000e+00
-6.638999172524603365e-01
1.598545410119673049e-01
3.867224721492364958e-01
2.070941035088185167e-01
-3.548734470929322260e-01
-2.634718011774787594e-01
1.000000000000000000e+00
-1.000000000000000000e+00
3.008936334064982732e-01
-1.000000000000000000e+00
6.491462046223642757e-01
1.547658421423204755e-01
1.000000000000000000e+00
-4.030060910249755324e-01
5.649331332687042018e-01
4.335113360119499104e-01
-1.221960966047239694e-01
-1.000000000000000000e+00
-8.606073488633808610e-02
-1.000000000000000000e+00
1.057255145524182982e-03
-1.329022046191460915e-02
8.114137371202783111e-01
-1.000000000000000000e+00
-4.370590951281947967e-01
-2.619425714201777944e-01
-8.092414552620234014e-01
-1.000000000000000000e+00
-1.000000000000000000e+00
-2.224291169808279012e-01
4.452160128461868371e-01
1.000000000000000000e+00
5.542985542239071695e-01
5.457272538024674491e-01
5.109692040120232814e-01
1.000000000000000000e+00
-1.000000000000000000e+00
-6.149293459775928561e-02
4.320493379690154012e-01
-9.931991837101128429e-01
1.000000000000000000e+00
3.061753939254298063e-01
-4.364357306234425415e-01
-8.488865204345535931e-01
6.361422126416885758e-01
2.590548157822377684e-01
-8.558746160127106428e-01
-5.492231006851584496e-01
-4.152465614247307091e-01
-2.288300028405781950e-02
1.000000000000000000e+00
1.000000000000000000e+00
-2.648406442423641427e-01
-6.991591637566796358e-02
-4.343937526090443368e-01
4.264618227201918965e-01
3.366056388406228894e-01
8.473158945570843370e-01
-1.000000000000000000e+00
7.831408202452811995e-01
-9.994030266037423615e-02
-6.201766993923997218e-01
-1.091126876585151173e-01
3.801759508904671847e-01
-4.288568184062405697e-01
1.000000000000000000e+00
-6.766926768513289447e-01
1.000000000000000000e+00
7.601185266647012551e-01
-3.955388205894844189e-01
-9.219101700324694448e-03
-3.818518706462588619e-01
1.000000000000000000e+00
1.000000000000000000e+00
-9.874468837699480472e-01
9.928227040646155910e-01
-8.791540921071751002e-01
7.461997748598347968e-01
-3.620912980768631328e-01
1.169671234851219488e-01
-6.675373203673811151e-01
6.244928847572958075e-01
1.000000000000000000e+00
-8.703363996954320836e-01
1.214474661744384676e-01
4.075432342263169971e-01
-1.522004149309958976e-01
-1.000000000000000000e+00
1.195349644162133629e-01
-7.554630715700818566e-01
-3.038413855922321716e-01
-1.000000000000000000e+00
-1.810752351851725450e-01
-1.102036495646259162e-01
-9.880433353800308627e-01
-1.000000000000000000e+00
5.692559167402208020e-01
-3.830794184418290227e-01
-4.352379801028991579e-01
8.995203876792849940e-01
1.517120985296416258e-02
-1.000000000000000000e+00
-1.795975424725633485e-01
3.031134994546192951e-01
-6.252170041328047878e-02
-2.528457711851214151e-01
5.784220014973660007e-01
1.000000000000000000e+00
-2.496797523088756243e-01
-3.430830140053010568e-01
1.000000000000000000e+00
4.341259327885077512e-01
-5.033128298712101767e-01
-3.320603311995705686e-01
-7.429543177023154588e-01
-1.000000000000000000e+00
1.282306826270279421e-01
1.000000000000000000e+00
7.239833892907654445e-01
-1.000000000000000000e+00
1.293836495502633799e-01
-5.192551624204398975e-01
3.293845932078952599e-01
3.732060044565331802e-01
1.000000000000000000e+00
-9.352084766661322712e-02
-3.141386176425071675e-01
-8.980900018640063376e-01
7.580245554141142872e-01
-7.519866633870311845e-02
8.492776565731355309e-02
-9.628086090577153699e-01
2.705477876384384528e-01
2.207005123176175587e-01
-5.337161717140258554e-01
-2.586687383733829448e-01
-3.743607221580491640e-02
8.393180542300993086e-02
-7.261871181182089074e-02
4.661182203686270453e-01
-1.000000000000000000e+00
-5.467122099205901087e-02
-6.097068709831066080e-01
8.428185310943310249e-01
-9.898961486018400535e-01
1.000000000000000000e+00
6.484190005605450224e-01
6.064881868299427659e-01
-3.958871989221445231e-01
3.790865774465065896e-01
-4.456179975467465804e-01
5.227832881728575187e-02
-9.249687501879639839e-01
-6.625331454415112065e-01
9.605031179602172564e-01
8.966627942889311420e-01
-1.374469003380041909e-01
-1.606870428707627418e-01
-1.000000000000000000e+00
7.292803775907935604e-02
9.717657665768686392e-01
-2.365686829515512013e-02
-7.198447714184479374e-01
3.283449768063205210e-01
1.688322971952482821e-03
-1.000000000000000000e+00
6.988908671546658624e-01
-1.730807035194917853e-01
5.117610293006519956e-02
-1.901222344206900672e-01
5.925013178339515463e-01
-5.276472997773713480e-01
1.000000000000000000e+00
9.196758756768511622e-01
-4.323975676342028951e-01
-1.000000000000000000e+00
-5.872779068698720240e-01
1.000000000000000000e+00
5.893961591733108962e-01
8.895340613836233423e-01
-2.295987103331107448e-01
1.000000000000000000e+00
-9.470942398421791086e-01
-1.000000000000000000e+00
-3.993984982077346535e-01
-1.000000000000000000e+00
1.000000000000000000e+00
-8.554335954753684579e-01
6.104528636072056313e-01
1.000000000000000000e+00
4.513575356457678600e-01
1.000000000000000000e+00
6.873199381493796389e-01
2.128321168141231179e-01
-9.392339452444296022e-01
-3.196745809241925418e-01
3.236462202438172842e-01
-9.781117312810710951e-01
4.113814546665537364e-01
9.457655532088595773e-01
2.756647705507431212e-01
1.000000000000000000e+00
-8.418354645856144236e-01
-1.000000000000000000e+00
4.554403876880660507e-01
1.000000000000000000e+00
-6.773837024889942104e-02
5.290315110136452059e-01
5.407942307875586163e-01
1.000000000000000000e+00
6.693539949967501901e-01
4.481483873982355925e-01
-5.461036052685498410e-01
-2.035723210260192428e-01
-2.918249407066779710e-01
1.937856259208403653e-02
-2.679095352745248237e-01
-1.000000000000000000e+00
-9.605502812046373684e-01
2.771142395837916661e-01
1.000000000000000000e+00
4.731074815419119006e-01
