-2.810664961837542886e-01
-7.053142536039986865e-01
-6.668802155376687413e-01
-1.000000000000000000e+00
9.975906073449910538e-01
1.000000000000000000e+00
-1.585769326919909961e-01
7.449262237695464250e-01
3.748060594661213329e-01
3.088524021341951808e-01
-7.253914584194304238e-01
-5.247683386675214834e-01
-7.726080774198008649e-01
3.610124143275575959e-01
-1.000000000000000000e+00
-9.653545696000466469e-02
6.062165137124165826e-01
1.000000000000000000e+00
-8.365534195851304089e-01
-9.220680338019114908e-01
-5.218690493718328716e-01
1.000000000000000000e+00
5.146657780300006868e-01
3.047449287410675667e-01
-7.294448120296952442e-01
-1.000000000000000000e+00
-1.000000000000000000e+00
6.759090040335665739e-01
1.000000000000000000e+00
-2.398613823553378266e-01
-3.456342191461644897e-01
-1.000000000000000000e+00
-1.000000000000000000e+00
1.034330326778970521e-01
6.816468821962589075e-01
8.156694231168017950e-01
8.793877033584642788e-01
-2.842344449866409661e-01
6.617525204915968295e-01
-1.023925331295920393e-01
-1.871760331144523004e-01
-3.706260840599770456e-01
-1.000000000000000000e+00
-5.520899639156089389e-01
1.000000000000000000e+00
-5.949797627673186762e-01
1.000000000000000000e+00
-4.493281295026386735e-01
9.531842487705096678e-01
3.547578593125244040e-01
-1.185614399922768625e-02
2.786068273425699182e-01
-4.991279461291455721e-01
9.483608095866014054e-02
1.000000000000000000e+00
4.184187363610952781e-02
-1.668398312017628227e-01
-5.382653065851118468e-01
-1.000000000000000000e+00
-3.449866182494046862e-01
-2.394237775031146653e-01
9.686723906138283713e-01
-8.090635392132181636e-01
-5.708536029343816987e-01
6.956045616462538383e-01
-1.000000000000000000e+00
1.000000000000000000e+00
8.495715658061575581e-01
-1.000000000000000000e+00
6.088145878671744615e-01
1.284526397186080693e-01
-3.342802347800594154e-01
7.836648466855843376e-01
5.211421024888294173e-01
3.430696149944256756e-01
-5.453117407805389005e-01
3.848074954834140304e-01
-1.000000000000000000e+00
1.000000000000000000e+00
5.349891884484121451e-01
-1.212891228668812604e-01
2.678993591070240043e-01
1.000000000000000000e+00
-5.778283748164697586e-01
9.038772197930120544e-01
-9.901713210378624286e-01
-8.572373607751204716e-03
8.619055226431604488e-02
-5.157740587801987742e-01
-7.483374646810143638e-01
-6.401908020038526992e-02
-2.873046755254843321e-01
2.231980882024952040e-01
-3.202420963327035075e-01
1.000000000000000000e+00
1.000000000000000000e+00
1.000000000000000000e+00
-5.419252264555035614e-01
-8.113564811295319590e-01
9.691886286220862123e-01
3.482681871951900932e-01
-5.239494184412299971e-01
-5.956241019797610114e-01
-4.806930270422364870e-01
-7.189057837893588765e-01
5.886984004966155926e-01
-2.033723482974794383e-01
-1.882728647363769436e-01
-3.792276121161397562e-02
1.283138573798879301e-01
2.614964712373401001e-01
-2.480317709039359109e-01
6.120116642975510501e-01
-5.834033238758962181e-02
-8.589533675564652304e-01
3.057417300555596573e-01
2.158752580343387961e-01
-3.162756925629419680e-01
-8.116351908070500443e-01
7.127333644980675675e-01
8.635346180819153394e-02
-2.354599118695275273e-01
5.764671406463250936e-01
9.865212802157463656e-03
-2.601489071043319168e-01
7.515269623621918527e-01
2.139123032422876047e-01
-1.989411525512548851e-01
-5.438934044385814737e-01
6.282339353223111988e-01
-9.511494750382627483e-01
3.363982786084286913e-01
-7.481139128992831955e-01
-6.995433387694105498e-02
-2.013682141378640711e-01
-1.000000000000000000e+00
4.394303392952509935e-01
6.114888510354745677e-01
-3.664682012948093370e-01
4.531804281899653453e-01
-5.687699627494362531e-01
1.000000000000000000e+00
-9.120417883353915123e-01
-1.117189450374933557e-01
3.165992360989437482e-01
1.317030975095823120e-02
-2.766344207310637016e-01
9.112198088235003990e-01
6.413740856832844672e-01
-1.000000000000000000e+00
-9.556580452146578031e-01
3.037210252479966011e-01
3.559604155598464215e-01
1.093055022792780717e-01
-2.098605794028857163e-01
2.483568945694612506e-01
-1.000000000000000000e+00
7.096911130302938631e-01
-4.009177297508215165e-03
-1.814561219749195597e-01
6.098526656522719191e-01
2.474887809632774494e-01
1.484829097706498735e-01
1.730839363405707321e-01
1.199523566570208644e-01
1.867930618582194224e-01
-3.930865879801292984e-01
1.000000000000000000e+00
5.355885535395331631e-01
8.956226039849879417e-02
-7.147421108751023100e-02
-1.000000000000000000e+00
-4.805674938482140668e-01
-1.000000000000000000e+00
-6.965308558352920620e-01
8.039108975456676909e-01
4.159383746947025173e-01
2.983927693058268105e-01
1.216430570620385954e-01
4.991566989758023376e-01
-7.039046559099367828e-01
-3.254618273843440379e-01
-2.475066626451513929e-01
4.366041956706032678e-01
8.478345792574746298e-01
-8.212168970334370321e-01
8.389977001813722080e-01
5.256300504210495994e-01
1.247046031270793165e-01
7.485405869391705824e-01
1.000000000000000000e+00
8.431087780885868632e-01
1.000000000000000000e+00
6.824576157386486042e-01
-8.058046037396471295e-01
4.240752684548820817e-02
6.603083986141011774e-01
6.483309478900449729e-01
5.193569224359970704e-01
-3.838416833816223894e-01
1.000000000000000000e+00
-3.738943048712392025e-01
6.463094044289070528e-01
8.979798535783576341e-01
-1.000000000000000000e+00
-6.837459607922267146e-01
-7.219904663190644667e-02
1.000000000000000000e+00
-4.260753781792010475e-01
1.000000000000000000e+00
-1.000000000000000000e+00
-2.594038801938212124e-01
-6.506256791234632519e-02
-1.779641913787625984e-01
1.000000000000000000e+00
-1.000000000000000000e+00
-6.097134960533228121e-01
-3.700181927482780742e-01
1.000000000000000000e+00
-9.251691716930920961e-02
-1.000000000000000000e+00
-4.592882515708938129e-01
-2.968394730922489511e-01
-4.671540701981060639e-01
-1.000000000000000000e+00
-9.795264689456899543e-01
-8.483290587038263553e-01
1.579144996576118398e-01
1.000000000000000000e+00
1.000000000000000000e+00
-8.375439849358351507e-01
2.263245325854556234e-01
3.368251811531509099e-01
7.215590179166495588e-01
1.619153961870740122e-01
-1.000000000000000000e+00
2.769515174674628266e-01
6.829051600770882358e-01
5.445679566498213831e-01
-3.428708299413117389e-01
1.000000000000000000e+00
3.453549558979107648e-01
-1.000000000000000000e+00
8.727827250632466116e-01
1.000000000000000000e+00
-2.577149415274225808e-01
-5.136202096249014026e-01
1.000000000000000000e+00
1.000000000000000000e+00
9.659603119733666254e-01
-1.000000000000000000e+00
7.198558561212716755e-01
7.644011563478170235e-01
-6.701807780012785098e-01
1.000000000000000000e+00
-1.476104906561965247e-01
-8.188214167779360730e-01
-6.498249025012426960e-01
7.064001616203351430e-01
-5.852745369058850455e-01
-9.931245319389132575e-01
3.871478622899260924e-01
-4.882190792372358423e-01
1.000000000000000000e+00
9.996542324482058373e-01
