1.103175596910743739e-01
9.113980912092367603e-03
5.121822897807060126e-02
-8.941324275613833361e-01
-2.484870225748376515e-01
9.217562772301727270e-01
-3.144686892569896752e-01
6.890792969002261792e-01
3.281793830770274312e-02
-8.135165654450794426e-01
9.614038464666767592e-01
-6.535486055091388469e-01
-5.121523030300620949e-01
-9.307643643182956783e-01
-1.496342951941354027e-01
-5.347424713436005339e-01
-4.597468196720724265e-01
9.312840948555070053e-01
-1.000000000000000000e+00
-9.403243895935877728e-01
9.784466066501242842e-01
1.000000000000000000e+00
-5.084591263563660313e-01
-9.045495513783365915e-01
-6.113993658512382190e-01
7.243786066141532087e-01
1.000000000000000000e+00
1.000000000000000000e+00
-6.614119809241358894e-02
-4.839834458607443768e-01
-5.184613364243824130e-01
-1.000000000000000000e+00
3.979991932957243628e-01
5.696081630558187392e-01
-7.167212389335491096e-01
-9.378281980511368743e-02
9.304567388328253141e-01
3.766197885605188089e-01
1.000000000000000000e+00
-4.230929457886113965e-01
1.000000000000000000e+00
-5.747362238598163753e-01
-8.649385798088742305e-01
1.000000000000000000e+00
5.699999434617228911e-01
-9.453895135564156504e-01
-4.696304938168696097e-01
6.198184819221731479e-01
1.000000000000000000e+00
-3.911966814980820661e-01
-1.000000000000000000e+00
-7.605312264880960127e-01
-8.797822588256623000e-01
9.375374618775245139e-01
-2.459040709372932731e-01
-1.000000000000000000e+00
-4.493004188892640305e-01
5.871273791327991098e-01
-4.623007144916972955e-01
-2.309450035904902498e-01
3.570087880617572873e-01
-4.780531535293963130e-01
3.474395646902912471e-01
2.603350597348565998e-01
-1.000000000000000000e+00
4.756660475778680397e-02
4.095904297977506769e-01
7.968652112127054821e-01
2.326499276673247851e-01
-5.458014613416021232e-01
1.728779600502354796e-01
3.997248245223243290e-01
9.910738831181603592e-01
3.516052755520548967e-01
-6.054286869007506899e-01
-8.728843691488454848e-01
-2.417619669215097522e-01
-3.418778735593277496e-01
-2.354963792539473688e-01
-6.316305910424502290e-01
9.754390641369683479e-01
1.000000000000000000e+00
-1.566659394467504463e-01
9.480748080474259432e-01
2.319761758321736700e-01
-4.631668254108245453e-02
1.000000000000000000e+00
-4.319343419743038037e-01
6.273983865404868521e-01
-7.933981383426002010e-01
7.087386654807681374e-02
-2.436652168952122555e-01
7.528916379883980881e-01
-2.499384374730462266e-02
1.173082409952851818e-01
9.895513588647106840e-01
3.353936662948646674e-01
2.858319198465369415e-01
-2.343287944179427984e-01
2.266118378201769923e-01
-4.524212309714792934e-01
1.000000000000000000e+00
2.027939586013773887e-01
4.826207348097890093e-01
6.792736712436547863e-01
3.670601084544267145e-02
7.702094815198605726e-01
-3.423027190989058610e-02
-9.828933301951524593e-01
1.971903012709372988e-02
1.446350266318884858e-01
-1.000000000000000000e+00
5.141209309189017501e-02
-5.614215916498819237e-01
-4.781770006667159789e-01
1.724432105366945356e-01
-1.621632005182866432e-01
6.082041210767437089e-01
-6.730170159939521390e-01
9.853059495152429736e-01
9.177637972169199188e-01
-1.000000000000000000e+00
-8.063360861655284317e-01
-4.035357300894812926e-01
9.975377324481837782e-01
-1.000000000000000000e+00
1.000000000000000000e+00
9.655615133325430310e-01
-7.453051769201579635e-02
-9.587073539491439700e-01
-2.790420753632224526e-01
5.896777143389206888e-01
4.523677828920658062e-02
-1.000000000000000000e+00
4.319924025070110973e-01
-5.828101510241789907e-01
7.619546687630444071e-01
1.000000000000000000e+00
4.891003881176787804e-02
2.345034872666706960e-02
5.214216506126722050e-01
1.179840959668910505e-01
-1.000000000000000000e+00
4.083035048114602716e-01
1.000000000000000000e+00
9.820652282809072542e-01
1.000000000000000000e+00
-6.178158782283771355e-01
-3.696304556415421771e-01
4.071027536100949584e-01
-2.638088551885626742e-01
4.117632884501420953e-01
-2.468068104519876571e-01
7.889206113234081830e-01
-1.000000000000000000e+00
1.000000000000000000e+00
-4.444159447667659357e-01
1.769330219759929212e-01
-7.810236894909550198e-02
1.000000000000000000e+00
-4.471775070314400469e-01
-4.486099137941179094e-01
-9.011842341062267780e-03
-3.326160972278194294e-01
3.188196170192439394e-01
5.735570770686260200e-02
2.882671597254813367e-01
-9.362538344892751274e-01
-7.659051834582184526e-01
-5.225459970784870345e-01
1.000000000000000000e+00
8.983065087079932232e-01
3.604904483021837969e-01
-6.534934825511086176e-01
-6.704179367116155919e-02
3.177660780990000933e-01
1.703069404865865943e-01
4.484900073708065760e-01
6.675827570409444967e-01
8.770373016285506473e-01
-3.424163759542833141e-01
-6.923365415292430658e-01
7.622999857388521594e-01
8.696339146032793233e-01
-9.503045809249344167e-02
-2.737563577482702293e-01
-5.195542954248536516e-01
-9.456393551148455368e-01
-1.298035158951443835e-01
-8.748511050271863265e-01
-1.000000000000000000e+00
-1.634365258640894103e-01
-9.462077704374499687e-01
-5.522842099874704092e-01
1.000000000000000000e+00
1.124476180159718064e-01
9.125874639180703296e-01
-2.214136880761685688e-01
-3.330654070653006893e-01
1.000000000000000000e+00
7.322504497310278193e-02
2.074660438465338319e-01
-4.781634014974184832e-01
-4.718011510832942901e-01
4.658134059537295535e-01
3.939017104773338551e-01
9.022429237238559219e-02
-1.000000000000000000e+00
3.116705220546405197e-01
-6.846190605809938656e-01
8.573526382300411530e-01
8.072981270568131418e-01
8.172436605290844813e-02
-2.951483246633903601e-01
7.063898324604505063e-01
-1.000000000000000000e+00
4.390074873959247670e-01
9.770054129974842239e-01
8.207426852146132434e-01
7.367208202424913033e-01
-7.322181678695621754e-02
1.730549640021108448e-01
9.739431028663905199e-01
9.695348979021275460e-01
9.966292418412381338e-02
1.000000000000000000e+00
-1.000000000000000000e+00
4.218723645150348478e-01
3.501223667640510628e-01
5.057497339194648722e-01
-4.360046091094648135e-01
4.287925582287652193e-01
7.193010068534924084e-01
3.453237285476479235e-01
2.330165614847617972e-02
-4.905228772993120989e-01
5.180524809337216929e-02
7.631972486021665336e-01
-1.000000000000000000e+00
4.159471017003766868e-01
4.108809635121485337e-02
6.657398959459674970e-01
-3.346317932969958275e-01
1.600706475501860182e-01
6.895534195422825530e-01
-1.852705106479582975e-01
-1.000000000000000000e+00
9.456078587120391177e-01
-4.439214856112923546e-01
2.156896938811816988e-01
-9.802236775985856410e-02
-3.145778884065653092e-01
1.000000000000000000e+00
1.000000000000000000e+00
-7.228078552960537362e-03
5.568382332812154001e-01
-3.956641717417404280e-02
-5.102807020771703561e-01
9.702474484898662155e-01
-3.179976480991437149e-01
-5.932686617669499229e-01
1.465426576089032817e-01
-6.226052749966095590e-01
-5.398895689544511711e-01
-6.302457594731878388e-01
