-6.236924864410723357e-01
-2.643000375035818861e-01
-1.000000000000000000e+00
8.358389927479559223e-02
5.272627825375242328e-02
9.248020215116768972e-01
-1.000000000000000000e+00
-4.564843977473583281e-01
1.000000000000000000e+00
1.000000000000000000e+00
9.136648729406713354e-01
-1.610925906763346349e-01
-7.525902196904935559e-01
2.979099545133965243e-01
3.740490201552160165e-01
6.724832062821123335e-01
-1.000000000000000000e+00
8.466681260723177282e-02
-3.848106766190708683e-01
1.000000000000000000e+00
6.365516673833393479e-01
5.582128112036510714e-01
-5.017733977309885018e-01
-1.000000000000000000e+00
7.195675131466496843e-01
1.567357684415319474e-01
5.484887043676717200e-02
-4.813752245587541445e-01
2.110930462666660290e-01
-6.820597994997609215e-01
1.000000000000000000e+00
-6.523154955574467229e-01
6.986851838345597976e-01
6.475970743191479251e-01
3.729137495561575255e-01
-1.000000000000000000e+00
-5.158203837508477108e-01
1.000000000000000000e+00
1.000000000000000000e+00
-9.141965904272675303e-02
4.308074924693814367e-01
1.000000000000000000e+00
-9.182277767155617720e-01
-9.758900859212272794e-01
-4.206395279914482699e-01
1.535999063653847863e-02
-9.756432029741011203e-01
2.363895986123821791e-01
6.715037173212264898e-01
4.392282021030264882e-01
5.091126734116970809e-01
-1.000000000000000000e+00
8.098727786967601094e-01
1.000000000000000000e+00
1.762886329873241675e-01
1.962534474941766138e-01
1.844372039012184550e-01
-2.630428222417416917e-01
1.849204430798003507e-01
-8.713115052364792668e-01
9.385581292637861228e-01
1.000000000000000000e+00
7.638117068777818819e-01
8.265172877606967727e-01
1.000000000000000000e+00
7.355124214111811165e-01
5.017875537247412643e-01
-1.259475818808397651e-01
6.559295949000429893e-01
-1.000000000000000000e+00
-8.907704442069570572e-01
-9.094247295261967956e-01
-7.937795455737510775e-01
-4.491851708056101566e-01
-1.826485607570439429e-01
6.504002070990638762e-01
5.300971303611508034e-01
1.000000000000000000e+00
6.500071163532314955e-01
7.524353091361644097e-01
4.474519840726465802e-01
-9.230434535616449665e-01
6.761931511946528417e-02
-1.273017260049820187e-01
-7.426305083498297988e-01
-4.572203392344658668e-01
6.940716123396829529e-01
5.556971608760784276e-02
8.342032471467177857e-01
3.611602146630878973e-01
-8.692724085512710808e-01
8.137523106684780849e-01
5.525908705557383005e-01
-6.235776668659326338e-01
7.914289124363407257e-01
-7.460980083164223675e-01
-2.224813709799544625e-03
8.520784180340215119e-01
5.877147461295639808e-04
3.108415388435281645e-01
-1.000000000000000000e+00
-2.668985985989897891e-01
-6.609579739181185021e-01
1.000000000000000000e+00
2.424211222560708756e-01
-1.000000000000000000e+00
1.408562423285690812e-01
-1.000000000000000000e+00
-6.749433239652848915e-01
7.647443801336939462e-01
-3.853666601536193115e-02
-8.485030877697286034e-02
2.563736003539769381e-01
-1.000000000000000000e+00
-8.139992339730559578e-01
-2.377371737199527602e-01
1.575304845767661055e-01
-8.150896622008523273e-01
-4.615836219362885462e-01
-9.007221826870659420e-01
9.870004652318502547e-01
9.758585291098853531e-01
1.000000000000000000e+00
3.064062836371659326e-01
8.928182330502623110e-01
-7.335052019264594048e-01
-1.810565287182892835e-01
-9.689185380524449609e-02
-3.730766026497380206e-01
2.517860019432121010e-01
1.960914982862121403e-01
1.000000000000000000e+00
-8.786325142050717130e-01
-6.509005037361884627e-01
-6.661182229611872785e-01
-5.540620171828014584e-01
6.653938801519621027e-01
1.000000000000000000e+00
-4.182014388820113338e-01
-3.042005123203963546e-01
-9.141483407886568102e-01
7.664376316414145407e-01
7.004499430781387925e-01
-1.000000000000000000e+00
-1.000000000000000000e+00
-1.858854780792897343e-01
4.624932699121533930e-01
-7.925604588731305356e-01
-1.000000000000000000e+00
-4.619035058514912029e-01
-6.374505488634670813e-01
5.230384542872449360e-01
-6.267980119546644469e-01
-7.359684696973183282e-01
-2.946708783630810902e-01
-4.550652958306555806e-01
8.524028709051910679e-01
5.719175014272832591e-01
5.551896807785819954e-01
9.503235882238001420e-01
-1.000000000000000000e+00
-9.476266434073118416e-01
-1.263544115458208328e-01
5.845811304793488983e-01
-9.334188734334802895e-01
4.537772630174236044e-01
-2.855583285240886893e-01
-1.000000000000000000e+00
1.000000000000000000e+00
-1.293694003396260173e-01
-9.257934399904248490e-01
4.742783556253984956e-01
1.000000000000000000e+00
1.071628525416609690e-01
-4.384232225781848902e-01
-1.681912080318788694e-01
-3.289081247901298743e-01
5.339355051658580820e-01
1.000000000000000000e+00
2.697712223863066860e-01
-7.166867154494175329e-01
-3.404164136926226547e-01
-5.882577309921404041e-01
-3.804732349653995316e-01
-9.201197591436149903e-01
-4.084667345753711376e-01
2.491502476569006364e-01
-4.053054573599073618e-01
-2.435466727862852232e-01
-6.083986268320300539e-01
8.220866018891779259e-01
9.993694980039256048e-01
1.000000000000000000e+00
2.781892248833977010e-01
9.853816453589893110e-01
5.949361619384602173e-02
4.291119224219279715e-01
-8.823572790286504652e-01
-8.896528372151759623e-01
4.415546800656252602e-01
-1.066310357156368127e-01
9.983374832884917005e-01
-5.816585511138215869e-01
2.659297451779715216e-01
5.460318721489002547e-01
1.000000000000000000e+00
3.138816114965481963e-01
9.681569864111144730e-03
-8.160309111074991462e-01
3.116908772465022404e-01
-9.853610804380684707e-01
-1.158180162269282221e-01
1.857361405243276309e-01
1.000000000000000000e+00
-2.337923872107940948e-01
3.324400417716205647e-01
-1.000000000000000000e+00
-1.000000000000000000e+00
3.866426855889031344e-01
-1.623304898060027868e-01
-1.449222247304491618e-01
1.000000000000000000e+00
-7.535185532816914833e-01
6.041025524137505487e-01
-1.000000000000000000e+00
-9.687572230973860998e-01
-6.897647440949711273e-01
1.253003370691563867e-01
7.382216250420434167e-02
5.841102629893180076e-03
-8.389680719371001016e-01
-9.999876479431317744e-01
7.778468299926477592e-02
9.359942469939741549e-01
-4.079724093686003250e-02
-2.405403850035228164e-01
-2.022474152773205136e-01
4.607194679470050236e-01
4.202587692773744887e-01
2.696260008757560556e-01
-1.000000000000000000e+00
6.094689015830756507e-01
1.000000000000000000e+00
7.893347952537199674e-01
1.531794595004848936e-01
2.900539066994246573e-01
8.007290409358993610e-01
3.790732758654863921e-01
1.000000000000000000e+00
2.614252749425616251e-01
-4.274486972025419163e-01
-3.024317537045110305e-01
-1.000000000000000000e+00
1.000000000000000000e+00
7.433968391344980553e-01
-6.216385591113181563e-01
-5.361321233192910540e-01
4.325672570435190600e-01
-4.653369866579491476e-01
5.291137777511640827e-01
-7.785075677995176857e-01
-3.229781172712198334e-01
3.172490112855467226e-01
1.000000000000000000e+00
7.055629121421655991e-01
