-2.995601862645920210e-01
-6.149785247045491676e-01
-1.593099639935280365e-01
8.256629482073583048e-01
-9.103044210530348845e-01
5.605878190550170892e-01
8.099767342454113894e-01
-5.448994857873030728e-01
-5.444243958867029942e-01
-7.611444769344908323e-01
1.234329606081607800e-02
3.164550558521637136e-01
2.008742223524602188e-01
4.830656640155828185e-01
4.683853007440366145e-01
-9.038967028483919641e-01
7.325947455391768059e-01
7.763665618135935365e-01
-7.228076722455050174e-01
8.801258803257918650e-01
8.951613175697761271e-01
3.245381829350599823e-01
-8.764002486224891086e-01
2.455801640017329923e-02
4.002347643896417839e-01
-7.339901641215675898e-01
-1.572502288201356180e-01
5.234918152625356313e-02
-5.008484812559923505e-01
-2.315088216110658959e-01
7.414351662970930512e-02
-4.112767646890491680e-01
-7.186936274725361784e-01
6.203176852051786039e-01
7.152031263983071874e-02
-2.563274172084917257e-01
7.899014703050826203e-01
-6.397946921965891320e-02
-4.284110591181184979e-01
-7.877986851969673854e-01
-6.931413759455979928e-01
8.053293471980385032e-01
-9.138074159260449747e-01
1.015712335394949317e-01
1.478827393343808971e-01
9.882346514003301774e-01
5.557828736066083852e-01
-3.282315506296966667e-01
-9.380186326813682030e-01
-9.323157705181546184e-01
5.596702649896696524e-01
-1.436559734973652525e-01
4.787187067579947719e-01
-4.186420069117440246e-01
-2.258649186862828895e-01
4.842888814788426366e-02
6.591298775107368169e-01
4.653220854196511436e-01
-2.515251651802086208e-02
7.252011397275028859e-01
6.801595625952523427e-01
4.014700649271092381e-01
5.241811678158294630e-01
3.074849039163110032e-01
-9.659283025640224007e-01
4.968624796800173993e-01
-9.262892524410228923e-01
-6.808555449875588472e-01
-3.927159005730551655e-02
-5.248577184901874748e-01
-6.120264757057001237e-01
-6.914820046672358611e-01
1.101017701068072174e-01
-2.848028721906972205e-01
-7.723833657942906772e-01
-3.818773224159148771e-01
-8.287183572832905742e-01
-9.777832514202269287e-01
-8.176844489285508555e-01
-8.833186426985708550e-01
-9.482515511832996236e-01
7.861964283128266562e-01
-5.107386621953402539e-02
5.807506832590345613e-01
-7.021964107385663123e-01
7.598666654837584744e-01
9.401055669183384644e-01
-6.315943989190397900e-01
-1.991385709523598724e-01
4.980666432902551843e-01
4.688227205916843943e-01
8.238286144368471842e-01
4.473119953588988729e-02
7.945702941717813772e-01
-9.637279122664688114e-01
-6.395699264223499991e-01
8.920717826870279143e-01
5.844868118697641446e-01
3.471919667655352093e-01
-7.444401416533277249e-01
3.407545179282904790e-01
1.538487853791223881e-01
2.701768620368543150e-01
5.343240006005351983e-01
-2.959741669317790258e-01
4.286084003158607825e-01
1.545701329611262054e-01
9.065851630132542027e-01
9.815440731605895586e-01
-1.376443770093938035e-01
-5.919291870945375678e-01
-5.442613054743627998e-01
-5.600072834250326981e-01
3.067736195297658952e-01
1.580824938709810557e-01
6.461547902237627650e-01
-7.927984376283396806e-01
-7.297309123002251319e-01
-7.394575304962809348e-01
-9.582943303341060481e-01
-3.636060373356269082e-01
-6.626041372291400222e-01
6.021646362308159528e-01
-2.098530354648886487e-02
8.306541899816279884e-01
-6.504819252270066521e-02
-6.816797105994458761e-01
8.227238760355717329e-01
-7.705267291786335182e-01
4.170615215607160753e-01
6.747102016670225577e-01
2.748131679725740462e-01
2.102353712663074248e-02
-8.988843035578351071e-01
-8.635843594708814130e-02
9.863602781957288013e-01
-1.737535087804609191e-04
3.473211914252523069e-01
-7.262860776654569417e-01
-3.576973119715933791e-01
1.949192276006723734e-01
-9.918573244394033317e-01
-7.651270682398241263e-01
-7.741695287004950465e-01
-1.979862096404376715e-01
-7.546013938958195943e-02
-3.753020313241655082e-01
5.077179966330800376e-01
-6.063545313097542522e-01
5.716707441088275665e-01
9.738803731854777102e-01
-9.646864115911966131e-01
9.729436298123206317e-01
-3.900365924485107438e-01
2.965964040798474421e-01
6.434522889847926752e-01
5.929023949966596430e-01
-1.547462193237225669e-02
-6.986849832987316322e-01
9.563645102706599399e-01
-7.594718360699004300e-01
-8.063294209078062380e-01
-5.726861755914134378e-01
8.495603460420331210e-01
2.759909391909534104e-01
-5.224056328985327013e-02
1.210018470396458934e-01
3.194472942167347895e-04
1.333223945776682573e-01
2.996108404503068368e-01
-2.208035983171852124e-02
-8.163303365835901104e-01
-9.034716292517064318e-02
8.405151941380994973e-01
-5.872362933820727271e-01
1.789095319289286667e-01
2.456337631510780994e-01
7.864269172331428415e-02
7.031845868994315296e-01
9.986574746170040484e-01
-1.434580298112875241e-01
-7.298442357471806030e-01
6.304140633519135228e-01
-1.227607487943738196e-01
-5.459000564504723485e-01
6.470104960831735141e-02
5.438503041502376067e-01
3.934684589062511506e-01
-6.528486545523413120e-01
-5.101771946217237286e-01
5.988167454867732165e-01
-4.676906892053891429e-01
-8.110384000765722412e-01
3.253182054416865476e-01
-8.756664885753000505e-01
6.812545736347435099e-01
-3.662880073073693232e-02
-8.989608039728937960e-01
-5.419857222103499073e-01
7.164417647248466636e-02
-8.197845637655392093e-01
-7.742487026039741593e-01
3.209868147118424275e-01
-2.358397777599658962e-01
-6.305431489453070526e-01
-8.312976053996115056e-01
8.151845258274621475e-01
6.566683518445968204e-01
-5.673237235174812820e-01
6.150714430989661086e-01
-9.074998629442043718e-01
-1.368329081332126940e-01
9.654131422906582216e-01
5.777859976196888514e-01
7.493419322699557128e-01
-8.325074628199715665e-01
2.024351953257355063e-01
-7.848879643858805988e-01
9.236402660781339868e-01
9.531352092101046392e-01
-9.718393212131348768e-01
3.504897327886082881e-01
-4.868608258150788348e-01
-2.120417804187753053e-01
6.652114471395698114e-01
3.714026484953030227e-01
-8.117300314622257762e-01
1.896548512087157246e-01
6.274310460830903047e-01
-1.686895855765200292e-01
3.520392780346419670e-01
-4.106364072161445833e-01
9.590000667376252785e-02
1.735836811402287072e-01
7.894906134160131206e-01
1.795725226552757903e-01
9.635533521200538853e-01
-4.897282491900274426e-01
1.518879064563773973e-01
7.712982361178832846e-01
7.515835263528480858e-02
9.602526144097160987e-01
7.911107202426115315e-01
4.084414767950490521e-01
-7.411108306359641684e-01
-7.137427422940680888e-01
-4.830235461553260556e-01
5.911551655189017929e-02
9.760147881358591793e-01
3.731047700337377648e-01
6.563217461359582838e-01
6.353618627870161184e-01
-1.153660902243354158e-01
8.145812664053888597e-01
-2.140595916075693772e-01
1.635805340032623345e-01
-8.928727933281921381e-01
-6.451360780014554486e-01
9.393131042278886067e-01
-4.127401492632110092e-02
-6.123242305842759858e-01
-8.991145936553690543e-01
-7.939645516815485582e-01
9.656323109039539609e-01
2.267071501116824095e-03
