-1.000000000000000000e+00
3.727754253086290603e-01
-7.201063926454410735e-01
-5.392541975804906462e-01
9.695214207731809308e-01
1.000000000000000000e+00
-3.708321889212282674e-01
4.627986380108972120e-01
1.444647721068492707e-02
2.911262553562835032e-01
-2.035976062664817121e-01
-5.444782991519848958e-02
-4.284083535746086024e-01
2.285753310179332032e-01
4.388150080918886697e-01
8.721600215927007849e-01
-5.706357175504768176e-01
-5.693147057038742131e-01
-9.975330277437431947e-01
-2.840594975239373321e-01
2.036021236687171332e-01
5.045178530043631371e-01
7.072538696852206375e-01
2.615069012685335981e-01
-1.000000000000000000e+00
3.650148512917397170e-01
1.240213351578295931e-01
9.862734250997584606e-01
2.817770768556867034e-01
-2.513406613877634532e-01
2.028378423072256520e-01
1.000000000000000000e+00
4.808546739919680180e-01
-4.846891195311051614e-01
-4.605499000862232073e-01
-4.929275369316461486e-01
-7.545829761082057940e-01
1.472248813604359885e-01
-9.139783919663557743e-01
-1.000000000000000000e+00
5.631914568402938137e-01
1.742496898134989758e-01
9.930324144447493229e-01
-1.000000000000000000e+00
-3.112177882648851091e-01
2.280175653087983534e-01
1.197660975385743121e-01
4.678586436011664684e-01
-1.965931699610744543e-01
-1.740401002061985336e-01
-4.714870807735558333e-01
-1.127098087678475719e-01
1.000000000000000000e+00
4.122699218558737999e-01
8.480339525719531313e-01
5.726987085916704912e-01
7.340480749392729320e-01
2.891518438064544227e-02
8.466297505613551433e-01
-9.887055822569035257e-01
1.220322669643808533e-03
1.822293160567300119e-01
-3.174313768859210461e-01
4.878489498016946868e-01
-1.000000000000000000e+00
-1.000000000000000000e+00
-9.107158784588069711e-01
9.320532165516861589e-01
-8.137197727898983768e-01
5.725184606023083767e-01
-2.720770688391100922e-01
-5.890153486289676499e-01
-7.007861752370274644e-01
5.102968698557073246e-01
3.006415456021689359e-01
9.739297807316711353e-01
-1.196344557336807002e-01
-4.824963479703688884e-01
-1.000000000000000000e+00
-7.310557129297955425e-01
-7.627142993676988558e-02
-1.099968407818607830e-01
9.145033425423916285e-01
1.177582594466727167e-01
-4.399056310636865197e-01
4.223560980331706460e-01
-9.015365751948660744e-01
-2.934014428000051300e-01
-1.000000000000000000e+00
1.541671058531183802e-01
8.593878997156095823e-02
8.051754422269241651e-02
-8.785125292082867077e-01
-4.580715306346414550e-01
1.000000000000000000e+00
6.023616296996699981e-01
-6.303667458848443150e-01
-3.266431880441880153e-01
1.708802207491144642e-01
-3.771028245236920373e-01
-6.511224055891040585e-02
1.000000000000000000e+00
-9.276899123208343090e-01
1.000000000000000000e+00
-2.695040271368273066e-01
-1.000000000000000000e+00
-3.993240846718495440e-01
7.419364323265958960e-01
-8.010113673829044600e-01
7.072392700236301843e-02
-9.560592777675485099e-01
-3.824067992422637285e-01
-1.323627371740782321e-01
3.472989237230698079e-01
-6.584462099488193054e-01
3.058657087316389855e-01
-1.000000000000000000e+00
-1.000000000000000000e+00
1.800779840327544346e-01
3.007038621965111846e-01
-6.664020633076973565e-01
-3.996452185828469617e-02
8.275154942369031819e-01
2.621980253061841903e-01
6.978531217030867762e-01
5.023237439699349549e-01
-6.247944966673784073e-01
-1.193182732703854665e-01
5.100927482317199058e-01
1.000000000000000000e+00
1.365284306270981018e-01
2.705356728136675271e-01
-3.683122376843630530e-01
-5.184545869397848561e-01
-2.640207697810132981e-01
6.818812493031651822e-01
2.848310447046702443e-01
-1.000000000000000000e+00
3.972478086535721209e-01
-6.442334692495303994e-01
2.372294770440801226e-01
4.445374665914075818e-01
9.876942727954707291e-01
-6.778453163579130081e-01
7.658036455499438455e-01
-1.000000000000000000e+00
-1.055524065173478465e-01
1.000000000000000000e+00
-3.099561727777255804e-03
-4.443946026345062528e-01
2.562692212119760393e-01
-5.303164529477937261e-01
6.783282860863657504e-01
8.404777346730780696e-01
5.683512710047923244e-01
-1.000000000000000000e+00
-7.598789559840682939e-01
1.046397989620981572e-01
1.000000000000000000e+00
-1.000000000000000000e+00
9.287710473928898480e-01
7.455329935887389237e-02
2.349169053180378830e-01
9.024014599759194732e-01
9.644960713567760635e-01
1.545925967998019734e-01
3.236630608682949939e-01
3.480868371739731515e-01
1.000000000000000000e+00
-3.171063543349024183e-01
-3.581467387693124671e-01
3.310328672814900064e-01
4.086198284396386771e-01
-6.439593094395675843e-01
-6.954271401683911336e-01
9.908261249433014672e-02
-6.495295741959283831e-01
8.509003123329326179e-01
-1.000000000000000000e+00
-7.470427053741433010e-01
-6.843843346130495942e-01
1.000000000000000000e+00
-1.000000000000000000e+00
3.176436772835203870e-01
1.000000000000000000e+00
-3.601095586577932606e-01
-3.620733841917856966e-01
-1.000000000000000000e+00
9.365176947437074961e-01
1.371817517845046464e-01
-1.153180076934203768e-01
1.633511807953091921e-01
-3.266240499484396875e-01
-4.501973379107434559e-01
1.000000000000000000e+00
-9.646154083917303224e-01
-6.166018713646128635e-01
-1.000000000000000000e+00
-2.358281334085077230e-02
5.009529554228377979e-01
-3.692627927957704004e-01
1.504170540522857258e-01
1.116717792326476777e-01
-2.764123297306600446e-01
-1.000000000000000000e+00
5.125075264538722086e-01
5.961149908204164127e-01
2.634877565576585479e-01
-1.000000000000000000e+00
-6.298977920539189368e-01
8.525771253158507257e-01
-2.469229521571197905e-01
3.186885258363764128e-02
3.635540083700152802e-01
-1.000000000000000000e+00
-1.000000000000000000e+00
5.045112499170021358e-01
-5.333706308273499230e-01
-1.800839961847455761e-01
-1.000000000000000000e+00
-9.280868102890591498e-01
-7.460017995513856803e-01
1.703550914700924235e-03
9.124974159856273914e-01
2.141639335176802605e-01
-8.200105545691057651e-01
4.658984221799298275e-01
1.000000000000000000e+00
6.484038757968673128e-01
1.000000000000000000e+00
3.063810466882247452e-01
1.575209077333716012e-01
-6.621654149663748212e-01
-2.019152672186621811e-01
-9.909349151128614697e-01
3.270299866411141565e-03
4.415484922530046319e-01
-9.567969078237050784e-01
2.844264416730306611e-01
-1.810867353489231668e-02
-1.021417455889274128e-01
-5.306194166360155284e-01
-7.932408560126120722e-01
9.493198107126512575e-01
-8.130539475195686094e-01
8.522911223813761650e-01
1.158730446277014270e-01
-3.802985390248616593e-01
-1.574356576814926467e-01
-1.000000000000000000e+00
1.726835260874980404e-01
1.000000000000000000e+00
-1.592689495897980922e-01
-6.996509269555046817e-01
-6.848779234580455455e-01
6.906828842027743498e-01
4.870114333391415418e-01
-1.862328944971361477e-01
-7.060994456312696954e-03
6.980486508659449196e-01
-7.671937702409634685e-01
8.315569895484918872e-01
-2.533199420951848246e-01
5.046362686854453106e-01
7.314886959594895099e-01
