1.000000000000000000e+00
-4.839613759351863997e-01
1.000000000000000000e+00
8.780704155652336862e-01
-1.061109803704563259e-01
1.000000000000000000e+00
8.453114764330849074e-01
2.031102168512690653e-01
1.000000000000000000e+00
-1.000000000000000000e+00
-2.415999292111004060e-02
-1.000000000000000000e+00
-1.000000000000000000e+00
-1.000000000000000000e+00
3.857140339149264241e-01
1.000000000000000000e+00
2.809313794834731315e-01
-2.733528270941217864e-01
8.254448973569444847e-02
-5.787149894753124135e-01
5.418610253350032435e-01
5.059958476027119900e-01
-4.450087195475285751e-02
1.000000000000000000e+00
-1.000000000000000000e+00
-7.376719951654265861e-01
6.544403683404989014e-01
-8.121024266594498164e-02
9.838250336370502058e-01
5.702420141104607154e-01
-4.899558194199427064e-02
-3.657934914460705400e-01
1.000000000000000000e+00
-5.526331863527333965e-01
7.510061848789137962e-01
1.000000000000000000e+00
-7.984179340541061043e-01
-8.702048386519334322e-03
1.893838186558723380e-01
-2.927533062807621267e-01
-6.065704114585650231e-02
-3.894944839534086878e-02
8.849581562430159920e-01
7.755942036108968152e-01
3.786951741064363830e-01
-7.101077093296359610e-01
7.258255581031278769e-01
-6.816342081842177159e-01
2.996618725282440554e-02
-8.553999966096452745e-01
1.430576538811428877e-03
-3.458684233955370280e-01
2.860704192249856059e-01
-4.134249555239521978e-02
-5.029476072419671873e-01
-1.000000000000000000e+00
9.782333972586843007e-01
4.580914763917442456e-01
-3.332120932656790213e-01
9.692049011380359236e-01
-1.804217090635034104e-01
1.000000000000000000e+00
-1.000000000000000000e+00
5.542673898866917748e-01
1.000000000000000000e+00
1.000000000000000000e+00
3.737577457774632350e-01
5.462557019854102913e-01
-8.691036453999206879e-01
1.271658528483508022e-01
6.032067157063613072e-01
9.806616079794844287e-02
-9.146530917018529383e-01
7.102966142083140255e-01
-8.135802225788768549e-02
4.152381822975671488e-01
-2.048728825827585975e-01
3.469735864845953088e-01
-1.855135256102428964e-01
-3.135722988189410532e-01
1.000000000000000000e+00
-3.841769338850425930e-01
6.185123452322398574e-01
2.061209400623352228e-01
-6.209458384456227886e-01
1.000000000000000000e+00
-4.809281550543280659e-01
-3.085720439813862681e-01
2.317188946800248228e-01
-5.268413813158354664e-01
-9.383375434359025880e-02
-9.149072923056135176e-01
-5.815399583292373276e-01
1.400008388207926724e-01
7.034627232775547689e-01
6.602176828359970218e-01
8.175371301794902568e-01
-1.197428454131595488e-01
1.000000000000000000e+00
-1.981575628326035510e-01
-5.646223829266159289e-01
-3.982409051340802808e-01
-3.316713670813231651e-02
-9.503883684729358405e-02
2.520712666453563955e-01
9.640026234328813448e-01
-8.322753704237950689e-02
5.860587124585185936e-01
1.935987376287210543e-02
-1.000000000000000000e+00
1.000000000000000000e+00
1.000000000000000000e+00
-5.580398323032476071e-03
-2.314585971663761232e-01
2.921064103673103318e-01
-9.269611960404492423e-01
-8.457268613991653083e-01
2.616121667390591821e-01
-7.232207248138844413e-01
6.906719405930181743e-01
-1.740917840145309869e-01
5.855495512826505156e-01
-9.022983720234580840e-01
1.000000000000000000e+00
2.852274023473919118e-02
2.775943437345826936e-01
1.000000000000000000e+00
-6.225197230678894966e-01
-6.642307383798327081e-01
-7.114376116610932055e-02
5.046605064456575196e-01
-5.389245866110536909e-01
-4.294673873493332072e-01
8.084202393567250233e-01
6.819605684685818847e-01
5.343135033775060494e-01
-6.593146095360755687e-01
-1.000000000000000000e+00
-2.445650484690796156e-01
-8.418741139681422680e-01
-8.142111067030433080e-02
-5.244106751612970241e-01
1.000000000000000000e+00
-9.810283545037082886e-01
-1.000000000000000000e+00
-6.180593553808946261e-01
1.000000000000000000e+00
1.000000000000000000e+00
5.900506366959834548e-01
4.419294937302813420e-01
-1.000000000000000000e+00
-3.547524515894042718e-01
-7.254343570674645081e-01
6.916386014636074497e-01
6.238344296523539168e-01
-8.336631250816850525e-03
2.702651441173419267e-01
-9.514555779008893044e-01
8.563751032740170022e-01
-1.510707803846284558e-01
8.719264994234972033e-01
5.027835873137829203e-01
-3.535214300215225869e-01
3.969555420028296200e-01
1.000000000000000000e+00
6.058230980378565000e-02
1.000000000000000000e+00
-1.000000000000000000e+00
-3.482780032541357706e-01
-8.960784399990134874e-01
-2.065554017300141598e-01
9.361721510079727970e-01
3.884596276857126829e-01
4.660965559923917478e-01
1.173271251084268552e-01
-1.000000000000000000e+00
4.413754442826058888e-01
-4.436959462631275830e-01
7.082605805750998851e-01
-3.900414915443810582e-01
-8.374678863027629205e-01
7.938417329236382436e-01
2.311789524222314096e-01
-1.000000000000000000e+00
-2.115337310785593838e-01
-3.674626971397566555e-01
-2.135818268435105138e-01
7.013541831807912352e-03
7.638627336703132098e-01
5.054445390392791060e-01
-7.664919063672337440e-01
3.415376679113781289e-01
-5.729339512737257056e-01
-5.179046683262148454e-01
-4.455382285583424640e-01
-9.801049700997546132e-01
7.115385242347498362e-01
-1.234238155086131439e-02
4.747140132828086001e-01
1.010632084376958950e-01
5.985204646028323694e-01
3.888782549488181139e-01
1.000000000000000000e+00
-1.000000000000000000e+00
1.877842301998181584e-01
1.844473455994646294e-01
-2.501468321272862783e-01
-1.000000000000000000e+00
3.057746735479935918e-01
1.939381236332327063e-01
-1.000000000000000000e+00
-1.000000000000000000e+00
1.000000000000000000e+00
2.070517859330927579e-01
-6.600819486037114991e-01
-7.999345114551645874e-01
-3.300995321776669655e-01
-9.446149334656750440e-01
1.000000000000000000e+00
-6.287266734718819361e-01
1.800201272693151833e-01
4.946090663037630009e-01
8.638825373028025112e-02
-1.000000000000000000e+00
1.000000000000000000e+00
-8.953484219632377172e-01
-3.857837260020732795e-01
-9.601499403530497911e-01
2.058671030096508314e-01
-4.600059480953843094e-01
-7.094045481028150579e-01
7.640141160944972087e-01
6.572916948799745196e-01
-1.956330014020508656e-01
9.453982268469004469e-01
-8.423389424417960791e-01
4.098597525127483654e-01
1.000000000000000000e+00
2.712815058404915991e-01
7.872303121589822039e-01
9.306526287896310645e-01
6.513772684012169023e-01
3.020440375374268682e-01
7.870673414752031860e-01
7.827521487667928879e-01
2.243265475604880876e-01
7.259380899838341339e-01
-2.186157709294758167e-01
1.861408143966004625e-01
1.000000000000000000e+00
-8.989506929916468714e-02
-1.000000000000000000e+00
-1.000000000000000000e+00
6.342817971291533352e-01
3.196016839428466039e-01
2.263761914797619568e-01
-8.207854844825605012e-01
-4.095372901921014996e-01
-7.340298299025000972e-01
-7.412330012412401414e-01
3.845549024225985990e-03
7.914021067706666912e-02
1.000000000000000000e+00
1.000000000000000000e+00
-9.126706276499514381e-01
