-2.659249233422440462e-01
9.535098412124001221e-01
3.465552966212825936e-01
-5.973570213260308570e-01
-8.526480491472394618e-01
6.930638974299832000e-01
6.745601594412493907e-02
-3.746425396848006573e-01
-8.072103716316806343e-01
2.324810681876097740e-01
6.504872967316779331e-01
-8.733939807772410358e-02
-7.786832309905440397e-01
8.799977465388926223e-01
1.000000000000000000e+00
-1.000000000000000000e+00
2.065882638316930420e-01
-6.869783142317239522e-01
2.787872566898823012e-01
-3.269615197470782664e-01
-9.366617958394354293e-01
3.829700901105698163e-02
-4.149083903510170090e-02
-2.464839905643601559e-01
4.173471899670537777e-01
9.594882439185113965e-01
1.000000000000000000e+00
-5.020188751339085265e-01
-2.091499688518169697e-01
-3.501372923966883377e-01
7.922984560035236656e-01
-2.318103375225467055e-01
2.252912129825281884e-01
9.363182858969310018e-03
-1.000000000000000000e+00
-5.784143191132843365e-01
-9.616358508727096410e-01
-1.338309088647399170e-02
-2.828743757475392084e-01
-3.575159044372681061e-01
-5.420459888300784845e-01
7.001836324986085991e-01
-4.246860856318311894e-01
-5.210307679350667520e-01
1.000000000000000000e+00
5.558165237916075085e-01
2.846674349629979561e-02
-2.045172809361319177e-01
-5.635168596924948758e-01
1.000000000000000000e+00
2.719108234764033849e-01
-9.168080276354698688e-01
1.000000000000000000e+00
-1.118756473757238634e-01
-5.710348042716879569e-01
7.725386071225329720e-01
-3.429465957373123985e-01
2.816142526275611235e-02
2.024198448325282285e-01
-6.513245344710556495e-01
-5.102624876720867064e-01
1.000000000000000000e+00
8.370684347846490958e-01
3.675507891064546673e-01
-1.000000000000000000e+00
5.137756749233344244e-01
5.991022484000194659e-01
4.414752021110479596e-01
1.812065628199189815e-01
3.292657619541786151e-02
-3.964888954932789811e-01
1.000000000000000000e+00
-9.527420085074180811e-01
7.248359132275752348e-01
1.000000000000000000e+00
6.767684397630802096e-01
-5.984609677808243600e-01
-2.353768853025992591e-01
-1.000000000000000000e+00
-5.651662642609590614e-01
-7.956142615645362959e-01
5.443821974991275292e-01
2.040716214932709605e-01
1.000000000000000000e+00
-9.877160325851017664e-01
-1.000000000000000000e+00
8.915305676389385647e-01
-1.000000000000000000e+00
8.758058632490508533e-01
1.534008012246746572e-02
5.274889458891955929e-01
-6.333006251305433043e-01
6.293427193005669551e-01
-7.063760698521821535e-01
-3.948071270776917219e-01
-4.019505616962067984e-01
-3.830854502534278838e-01
2.695751829312885151e-01
-1.000000000000000000e+00
-4.370822714816202659e-02
7.466590658890077670e-01
-9.047467763782039984e-01
-4.485122524067999272e-01
-5.421031655699071194e-04
1.000000000000000000e+00
1.000000000000000000e+00
-1.000000000000000000e+00
-9.187924645516843958e-01
-1.000000000000000000e+00
-4.735486640913120215e-01
7.970078148086088277e-01
-3.679134700030009530e-01
-4.636992040247486235e-01
-1.000000000000000000e+00
-3.022530218840931426e-01
1.000000000000000000e+00
1.607429765086518803e-01
3.206240129897981461e-01
1.000000000000000000e+00
-5.789535783986949485e-02
1.432359513131670203e-02
3.135506942047123768e-01
-2.668896645010591095e-01
-2.978034465822352317e-01
-5.468945390384176708e-01
5.005198535494751466e-01
7.736823373753796140e-01
1.000000000000000000e+00
-2.530845484034970894e-01
4.527244040146097825e-01
-2.324815992918516372e-02
-1.000000000000000000e+00
-1.000000000000000000e+00
2.723271004645185234e-01
-1.392721742217344905e-01
1.000000000000000000e+00
3.745083813578875542e-01
7.091374672999936069e-01
-9.764444325436145711e-01
-7.983005055652780957e-01
4.986871854489919320e-01
-6.428524326012172718e-01
6.180790767321197032e-01
1.390121692769794026e-01
1.745176562963853262e-01
9.130122919035914275e-02
9.379460930485828962e-01
1.000000000000000000e+00
-1.991284054850963048e-01
1.000000000000000000e+00
8.389584252007455945e-01
1.000000000000000000e+00
1.000000000000000000e+00
-9.427938155187085556e-01
-1.000000000000000000e+00
1.464756802327045471e-02
1.000000000000000000e+00
1.650205429542652702e-01
1.000000000000000000e+00
-1.000000000000000000e+00
8.760978799864301836e-01
-1.000000000000000000e+00
-6.653592909724270754e-01
-1.000000000000000000e+00
1.793812072128220247e-01
8.894211613009761486e-02
-5.420569817510599853e-01
-1.895337300919280599e-01
-7.053731745593564417e-01
6.233957933833524923e-01
-1.859929775861258738e-01
-4.844664576656419475e-01
6.465043280581355134e-01
-7.313184666253398358e-01
5.957932069405863507e-01
5.458044456146459167e-01
5.564622510222296814e-01
6.217022466887245358e-02
-1.000000000000000000e+00
-6.783399423023972474e-03
9.595841864258372045e-01
5.149142072152352867e-01
-3.805176983658331014e-01
-2.044289590203096640e-01
1.000000000000000000e+00
1.979178202710250856e-01
-2.298564595506219221e-01
6.806962683841740747e-01
8.290149587719140012e-01
8.686313096781886900e-01
-6.125968169145585840e-01
5.783996334956784668e-01
9.081615096292839917e-01
7.228127288431593911e-01
4.043338913304796445e-01
-5.844997753596543610e-01
1.194313284916233009e-01
2.900977941442842711e-01
1.447285756597789796e-01
5.290361831847336660e-01
5.922484892219620489e-01
-1.000000000000000000e+00
-2.952130383310099804e-01
1.000000000000000000e+00
1.000000000000000000e+00
5.212797997153824081e-01
5.451816640201001540e-01
8.161491623340785262e-01
2.691692457941267103e-01
1.000000000000000000e+00
1.000000000000000000e+00
-4.725917942694999319e-01
-3.643783235186356245e-02
9.754027140004462026e-02
7.548003359884108976e-02
-8.111563390832343678e-02
-7.279557985264293318e-01
8.959065033199353767e-01
1.000000000000000000e+00
1.000000000000000000e+00
3.844436791411325882e-01
6.627570148228139058e-01
-1.960078950444269497e-01
5.874538949557323031e-01
-1.000000000000000000e+00
-7.940303575908250755e-01
3.971149648718452774e-01
-1.740689237070792983e-01
-7.385614241743225783e-01
1.000000000000000000e+00
1.000000000000000000e+00
-1.000000000000000000e+00
-1.000000000000000000e+00
1.000000000000000000e+00
6.062048321936491790e-01
1.318260623274467580e-01
1.000000000000000000e+00
7.784013568028467223e-01
5.854544859696382275e-01
1.000000000000000000e+00
-4.970024949778839574e-01
3.090596804989400592e-01
-7.489313212534474962e-02
1.970362326652061180e-01
1.000000000000000000e+00
-1.000000000000000000e+00
9.457575686262374992e-01
-2.920012902157005374e-01
8.392223068430041399e-01
-1.172044614986539474e-01
-6.073644970273756050e-01
-7.534229766064226563e-01
8.056772979425104175e-01
3.241435877877314464e-01
1.000000000000000000e+00
-5.046042176062717211e-01
4.887194016875703872e-01
4.530410126218167299e-01
6.024212108550212053e-01
9.651318567362306977e-01
3.818522624615884320e-01
-5.303415098757096047e-01
-1.217060286322259044e-01
9.309034936038815822e-01
3.984322826114297666e-01
