-1.000000000000000000e+00
-1.000000000000000000e+00
5.971133466851481497e-01
-5.869212465035522630e-01
-1.000000000000000000e+00
-1.000000000000000000e+00
-5.247909730901834102e-02
1.000000000000000000e+00
8.746247896387494558e-01
8.470009687214642424e-01
2.031944116524485588e-01
-1.000000000000000000e+00
-3.688334008956878352e-02
1.000000000000000000e+00
-1.000000000000000000e+00
4.030435033266400735e-01
8.199805762717077284e-02
-1.000000000000000000e+00
8.519894431203571816e-01
-7.318210894472486627e-01
-6.310371085139950820e-01
1.639139278850556269e-01
6.956756222789666211e-01
1.000000000000000000e+00
8.376361001398771045e-01
3.288457902231274321e-01
1.000000000000000000e+00
-1.000000000000000000e+00
-3.990224901635011645e-02
-2.953919933294401057e-01
-1.000000000000000000e+00
-1.645632359391003829e-01
3.189655966374824736e-01
3.329968031416905005e-01
-1.222094117933179708e-01
3.273070026422754686e-01
9.097691675659629329e-01
7.797592194429272539e-01
-5.610578199741873551e-01
7.435467039978990722e-02
7.718777206955307335e-01
-1.000000000000000000e+00
-8.009882882193181119e-01
-1.347187576391091213e-01
7.948952431383848882e-01
4.798020867310686111e-01
9.007343559519563891e-01
-1.000000000000000000e+00
-4.462527711341190972e-02
9.617483228198917544e-01
-1.908237412525548571e-01
-2.058532655505452280e-01
-3.979831293677961179e-01
7.693101896772098769e-01
-1.583128814220418068e-01
9.124972731324938469e-01
8.720170602179330155e-01
2.081421571819095373e-01
6.838323614457900712e-01
8.233540135560006856e-01
6.679648205393475813e-01
-7.696102104438617975e-02
-1.000000000000000000e+00
-3.213031913556776975e-01
-1.000000000000000000e+00
-4.110847838373996033e-01
-2.866499105941908709e-01
5.579620058188261567e-01
1.269440740555793923e-03
1.000000000000000000e+00
3.518071031714955499e-01
7.631421593040206286e-01
9.043561260644232824e-01
4.607329684865184016e-01
-6.895110494128108281e-01
1.395420412677401689e-01
-1.000000000000000000e+00
4.649021951958143273e-01
2.487381252091998562e-01
8.020707974425556053e-01
7.267858539653297978e-01
-8.362888026115724571e-01
-1.000000000000000000e+00
-9.110834361535271597e-01
-3.724811731751815347e-01
2.652361940875385682e-01
7.361503928715227296e-01
-5.465281921916051999e-01
3.575760972348174804e-01
7.504722309397473534e-01
1.419900493927470919e-01
-9.361708339316464622e-01
-6.882816304261334395e-01
-2.802800220945050880e-02
-2.988061665769204400e-01
-5.711757863129608426e-01
-3.377967790389586611e-01
9.816569379946588070e-02
-4.884163034464589215e-01
-1.063433536581972483e-01
2.820488115301700294e-01
-7.445330905339263561e-01
-4.585630383584354264e-01
9.273118334844825394e-01
-2.393570572629815096e-01
-3.799011182629702388e-02
7.072838045843693466e-02
4.026952827267363810e-01
-3.914759303325096584e-01
6.310170052079655534e-02
2.159981824099147518e-01
1.000000000000000000e+00
7.642341516688908598e-01
-1.000000000000000000e+00
2.563231346002003974e-01
-2.960964268188284176e-01
-8.007176671658483569e-01
-5.831737394405703823e-01
-5.248721859807551349e-01
-6.105156978006972546e-01
8.439417698199709328e-01
2.178398260769529582e-01
1.000000000000000000e+00
-1.000000000000000000e+00
-1.000000000000000000e+00
-6.963603509255248403e-01
-1.000000000000000000e+00
-7.742102620939856905e-01
-3.519518516041464373e-02
-8.232492634562417200e-01
1.183353477750108684e-01
-5.847276916794463819e-01
-7.219474549546599507e-01
-5.990176512415636978e-01
7.590204018604926883e-01
1.000000000000000000e+00
3.903889691166910758e-01
8.868124177816077980e-01
-6.199432768161258211e-01
3.012570441303871194e-01
4.665318931965058424e-01
6.596387300159529676e-01
-1.000000000000000000e+00
1.000000000000000000e+00
6.087607156001140218e-01
4.981488900695251187e-01
-2.817253242061994456e-01
1.002100466664025691e-02
2.312971282268289075e-02
1.000000000000000000e+00
-3.649245231262283062e-01
6.391699829524815080e-01
1.479907344631518074e-01
3.286084367276102536e-01
6.219463078514446686e-01
9.189287633137579459e-01
1.000000000000000000e+00
4.234419703749788821e-01
-1.000000000000000000e+00
4.703343462495142013e-01
-1.000000000000000000e+00
7.755265511899678277e-01
5.366266907643693074e-01
-4.128038254741372981e-02
2.421787839430925571e-01
1.000000000000000000e+00
1.989977110962914963e-02
9.275714295080079719e-01
-2.117530854333277701e-01
-1.000000000000000000e+00
5.063758917766391088e-01
8.348964736545454457e-01
2.213423853936181129e-01
3.438728846447337006e-01
1.000000000000000000e+00
1.000000000000000000e+00
2.811113972984661258e-01
-1.224160374318372657e-02
-1.000000000000000000e+00
5.038514485648022401e-01
7.604343039514890323e-01
9.773675632974049288e-02
-3.248544847760092003e-01
-1.000000000000000000e+00
1.000000000000000000e+00
3.129053775360103318e-01
-1.000000000000000000e+00
8.592968088203939425e-01
5.742291747446535144e-01
2.951968212479504361e-01
-9.923045111690435849e-02
1.000000000000000000e+00
3.078177275259396106e-01
-7.505422024553054516e-01
5.822051122826280567e-01
-4.587849377009880492e-01
-1.000000000000000000e+00
-9.120209178954525875e-01
-9.229082146525912078e-01
-5.339378029536931969e-01
-8.025427175493593523e-02
9.712238038284092267e-01
6.707673942057831296e-01
-1.000000000000000000e+00
1.783913339729221170e-01
-1.005839520315896518e-01
6.202652444009029153e-01
-2.116173459777548338e-02
-1.000000000000000000e+00
-1.000000000000000000e+00
-2.180456851474295021e-01
-1.473778376654295563e-01
-1.000000000000000000e+00
6.165894337314794527e-01
-2.681933974835406520e-01
5.227451753379239174e-02
8.003884819877488122e-01
-7.769220192857716478e-01
5.437282413501598466e-02
4.152796680439868049e-01
-1.313219121846687099e-01
8.335856464057616044e-01
1.000000000000000000e+00
9.675249347283720880e-02
8.445159745248488337e-01
-1.716922095763978584e-02
3.846919449075014708e-02
2.291744266509887495e-01
1.141540460841904414e-01
1.000000000000000000e+00
1.000000000000000000e+00
-7.417362480586975337e-01
2.482068135897001482e-01
-4.170312655917770006e-01
9.161089069955434816e-01
-8.329343075041530930e-01
2.168834415487899403e-01
9.209270674322791450e-01
9.171372491339152555e-01
-1.303957433477879180e-01
1.000000000000000000e+00
-2.116805797830730307e-01
-1.352680872297204462e-01
1.535090594694397126e-01
-3.638059013529078012e-01
-2.988533523848082574e-01
-1.000000000000000000e+00
3.610090765470107543e-01
2.349003683730807035e-01
1.000000000000000000e+00
-6.412740749686776098e-01
-6.678618889689693638e-01
5.083972375775631242e-02
2.948896922710669277e-01
-4.631460617918593536e-01
1.000000000000000000e+00
-3.445164917240287061e-01
-8.356792149997497310e-01
1.997347760284879925e-01
1.479855676691363975e-01
-1.000000000000000000e+00
5.222699087944858709e-01
7.714671242315178645e-01
3.191699035366049597e-01
1.000000000000000000e+00
