-6.967575303520430197e-01
7.195395612830568499e-01
-8.153921348970651906e-01
3.461337527770944611e-01
-2.901915415988911562e-01
-3.290172010018681537e-01
-6.704477078284123426e-01
-9.199467100594773683e-01
1.408907686904521395e-01
5.155804992548944643e-01
5.544083913690631693e-01
1.772911812110744556e-02
-3.780307918367449282e-01
7.852242120223409394e-01
3.260095712188477712e-01
7.642401102024918291e-01
6.650624668868052591e-01
1.651488032740811018e-01
-6.212948840706200571e-01
-7.515824610834438424e-01
-2.781313098403044304e-01
5.316401105418468997e-01
2.795177844965766045e-01
6.495033328670698491e-01
-6.085506990226119406e-02
1.260087638397466847e-02
2.167345455013640620e-01
-9.291832113624156619e-01
-3.860864781229849108e-01
-6.514088294496487297e-01
3.846296126323736075e-01
-9.529946001260523047e-01
-6.025379083797299806e-01
1.168609939521592089e-02
-8.802839565956765977e-01
4.051458381941570597e-01
-2.884512059718709054e-01
-5.408058949401504112e-01
3.680314348705908678e-01
-7.652874519010532950e-02
6.710001708710904289e-01
8.770783928665011331e-01
1.596582206557091155e-01
-5.734886823153628743e-01
-8.196498255487627560e-03
-9.330592095969978406e-01
-3.827197135595385991e-01
7.166408580836096665e-01
6.838821151734637560e-01
-4.839876594207841443e-01
-2.858717944031496927e-01
-4.455888097718800900e-01
-6.415561562189491251e-01
-2.148953921399461287e-01
-4.142603884439537421e-01
-6.906731318628578364e-02
6.571620637438648771e-01
5.460149625143768670e-01
1.192635889951043637e-01
-5.426663674476546184e-01
8.409034938281947369e-01
-2.066646489490580052e-01
-1.856645886287422442e-01
4.723383771789999575e-01
-7.561039610258533106e-01
-3.980038311256333117e-01
-1.803531856123690158e-01
-3.878471700236287845e-01
7.037349537886348205e-01
-7.519776677584593116e-01
4.298155562163621379e-01
8.148540944089053273e-01
-4.486387940855973699e-01
6.605288028024158820e-01
-8.767771208595775967e-02
8.929500749391383607e-02
-9.108950652536238479e-01
9.946952749894089063e-01
-1.519035904360732658e-02
-6.728698444414522584e-01
7.617782791024090283e-01
5.357612659078294648e-01
-6.467309008917370150e-01
7.801630026123240746e-01
-1.166548128219069280e-01
-2.458886432691724799e-01
-9.368450400550913937e-01
6.380166757409768685e-01
-9.438457439631735557e-01
7.739770058190575952e-02
4.548526239208317001e-02
7.745819838943757141e-01
-5.121232427940693999e-01
-8.633484410520748664e-01
-1.724759870316814325e-01
-5.955032286924220042e-01
-2.857820563812243364e-01
8.402104776851904155e-02
-2.363479178058234265e-01
6.065064178525869654e-01
-2.275810772677080429e-01
-6.928224596591219253e-01
6.148717828504715044e-01
-3.500548137885188815e-01
-6.762065907064247483e-01
-7.143806281208595621e-01
4.057338349290953161e-01
-9.279182017866345333e-01
3.784032448690033412e-02
8.630132025199444001e-01
9.637481605627902237e-01
4.526953970768607949e-01
-2.741916687012631026e-01
-1.451878038475586941e-01
-9.383962657733839752e-01
-7.531057796170286256e-01
1.089177834945167511e-01
5.136989503793294443e-01
-8.937660709761288125e-01
-8.024631228996426113e-01
-5.433420430060595940e-01
-6.532307278462095024e-01
4.186236055386061139e-02
-7.736222082467854033e-01
5.459449155632720707e-01
8.436878865261754346e-01
6.415501713296678510e-02
-5.003829812938920263e-01
-8.119976319634079065e-01
3.729675869843422920e-01
2.166699810378862612e-01
9.337808724654115267e-01
-5.111576690341830265e-01
-8.120973988882502770e-01
-2.183699357194903712e-01
-2.176127879558862332e-01
-1.711846824269833700e-01
-3.637924872713726998e-02
-7.635212207956663111e-01
-5.819220202207924242e-01
-2.370335802658480873e-01
-3.625406180225969610e-01
-2.525234624093999347e-01
3.123634190459763094e-01
6.884252137348132461e-01
2.061861911562612448e-02
-8.115003271501257665e-01
-8.857910346797064349e-01
-1.366553353946056149e-01
-8.654732226197170419e-02
-6.571559288485306904e-01
6.066058324872416474e-01
-3.067262116962310436e-01
-9.749290262064891355e-01
4.312775815003180302e-01
5.207693497285474926e-01
-7.878373595964747178e-01
-7.662603646565879778e-02
-3.298614638614343342e-01
-9.373280521984428404e-01
8.580825234817062164e-01
-7.868294132732001067e-01
-4.794533518653085746e-01
-4.508426744236671002e-01
4.483883903112793057e-01
-7.511540187399590174e-02
-3.292199954935615125e-02
-1.245794781491400549e-01
2.613953364249350653e-01
8.498690472531809093e-01
-2.857536832519602665e-01
-6.953626795091791823e-01
-9.884505108481695945e-01
-9.473563890253826614e-01
4.487948555502285775e-01
5.323472817899554954e-01
3.149642834595511864e-01
-2.161665944806390183e-01
8.991000601785397173e-01
2.711204892414114109e-01
-4.082514081572379272e-01
3.712039214474003312e-01
-3.739378377808810772e-01
-1.747668485340279076e-01
-2.879054889810461759e-02
-3.235510384360402725e-01
-1.757173124639759276e-01
6.124381703916428332e-01
-1.777567106926500884e-01
-1.889304667187903242e-01
5.145635689906598031e-01
7.904956758667185390e-01
3.046812037180646193e-02
-7.092361167819216661e-01
3.996776132939809933e-01
-6.184337008439122485e-04
-1.799860587365875730e-02
4.952333120710021852e-01
-2.957054201134385885e-01
-2.956131789675207067e-01
2.246471942280836576e-01
1.148032045741318452e-01
-4.298074099920223823e-02
-5.846131034396471193e-01
4.869889621814340597e-01
-2.632232866129993187e-01
-6.838033718800222704e-01
-3.583201354606906364e-01
-9.769389087422681861e-01
-3.966731256437745490e-01
-6.806231583560844456e-01
6.606178700651672564e-01
-7.997390188683390910e-01
6.538459795306610367e-01
-1.843127742793120305e-01
1.341470198163108307e-01
-2.930874213274368145e-01
4.395575699075175979e-01
-4.430694963075743065e-01
1.522652813639793212e-01
-3.599418834071472784e-01
-5.405486301359847534e-01
8.837419929910226291e-01
1.846842223406364170e-03
6.072930977871682234e-01
-5.750233463306806403e-01
6.570234990616503623e-01
9.700392590015685101e-01
-9.139688116221516001e-01
6.311973285271541556e-01
3.491368155352934100e-01
-9.207202042430331357e-01
-3.829038078182225302e-01
-7.071810843945758318e-01
-1.074091460756603222e-01
7.581927196576776495e-02
5.719621787100599430e-01
6.051669767757661411e-01
-1.067384410334732969e-01
-9.360402342421321187e-01
-9.038263983728271889e-01
6.749136963486281893e-01
-4.923956620428555642e-01
2.832854216837625838e-01
9.323891346372412681e-01
9.095214819711219256e-01
1.101320785327086771e-01
-5.099698593044803552e-01
8.842336641395942554e-01
-6.179252804385519937e-01
7.948551149217990552e-01
-4.409525691129214664e-01
2.223104529318831180e-01
7.840740578634808333e-01
1.345587011869202598e-01
-1.304899487875466058e-02
-8.012046514839137323e-01
7.859100480007115141e-01
-6.950529215016456597e-01
-7.196183296820952702e-01
-8.804704573948682889e-01
-3.871724085006162941e-01
1.058131421029462338e-01
-7.396680351310611634e-01
4.641795840652982452e-01
