3.225017474700089259e-01
3.452592939156657881e-01
1.949908712124446275e-01
7.902375354192545664e-01
-4.282555738481010899e-01
3.083700905794533043e-01
-8.295467886574092731e-02
-9.078477944993468274e-01
-9.225644192827986423e-01
1.136494018769718117e-02
-7.435428910635859534e-01
-1.760394982550521625e-01
-1.486197053523115041e-01
-9.471105413865912315e-01
4.926762968205469218e-01
8.802850311939780514e-01
-9.960822895092498186e-01
-4.910867611312252912e-02
-3.422636073127003353e-01
8.262367968466202139e-01
-5.556269262011381826e-02
9.469184039632017047e-01
4.805324881241483936e-01
7.500892202475497594e-01
9.327713454649237956e-01
3.576814153184313394e-01
-3.124816814934225917e-01
-8.751259827302440009e-01
4.162213096589129080e-01
6.825266300053505208e-01
7.640476815854602144e-01
-8.654016728751596776e-01
-9.026989253554251746e-02
2.114742637315287777e-01
-6.249562236891930134e-01
7.058768714284189283e-01
3.671309500400847803e-01
-9.218060190838721635e-01
5.359669702208851305e-01
7.159102150806604392e-01
7.824925103481614741e-01
-6.643873563220625833e-01
8.976240316809975806e-01
6.838606896435746041e-01
9.175582239159212339e-01
-4.573428262926502175e-01
4.434430862519675998e-01
-8.081156266094358109e-02
-8.062123665367948444e-01
8.042827525577325165e-01
-3.045216905931313889e-02
-6.401274467073414520e-02
-6.982904473052169436e-01
4.910281639261033781e-01
-7.381282450479673685e-01
9.757788942293741385e-01
-5.676248755459749606e-01
-4.812623020106288063e-01
4.321789191860381241e-01
-2.039256437822429824e-01
-6.019619542204059925e-01
-3.507101312857119346e-01
-6.183706274462630326e-02
6.305790598230986976e-01
-9.308787341755699885e-01
5.059037008083637765e-01
8.367565207343539146e-01
3.554210675819802212e-02
-2.033749215776095021e-01
8.984318135838651465e-01
1.922305927036094264e-01
4.395754037148551507e-01
9.189084705065344583e-01
9.020830406051787431e-01
-1.486255374819229758e-01
-6.644306669673822885e-01
1.854777600957757677e-01
4.725006074047903848e-01
2.974874504245066387e-01
6.368526844234532192e-01
2.438689709462649180e-01
-6.880231903877789268e-01
-1.720847906375826408e-01
3.094807249085440581e-02
4.506890628723192460e-01
-5.246133562223702640e-01
6.469732622238308917e-01
-4.381039456617048522e-01
8.529357784897366734e-01
5.355415919815846859e-01
7.792172572363953442e-02
-5.118275232013307363e-01
-3.239802133382305716e-01
4.203581370552336161e-01
-4.972323529009328169e-01
8.172962001561765444e-01
-7.397620250937304576e-01
-7.713204066623557953e-01
-8.123981005403000388e-01
-4.491717499607288389e-01
4.081936259979686010e-01
1.662825770449267715e-01
-1.083469165303381221e-01
-1.067482716250611752e-01
9.022745470721842409e-01
9.049043398458287424e-01
-5.165044857486089658e-01
-7.805948748426743133e-01
3.503279082018619928e-01
-5.942083643497739764e-01
2.455282594736123425e-01
-8.204609381845340277e-01
-6.468542205284537605e-01
1.723998805374362675e-01
3.771108562443237222e-01
5.844666551575141700e-01
3.707205959723187672e-01
-8.608909737585208610e-01
-9.472210591420966441e-01
-8.268256782710030617e-01
-1.019325184613086854e-01
-2.574091721345541650e-01
1.253536740165437369e-01
6.445126550046629266e-01
-7.713597819994395532e-01
-2.307362206139229599e-01
6.619687922087347243e-01
7.403825446662797294e-01
6.136337698299438870e-01
2.220060284302511899e-01
-9.462939172773152663e-01
-4.956760817111174333e-01
-8.802385123913794018e-01
8.524010859150530361e-01
-2.317962042729673211e-01
-6.596497286706399787e-01
-4.934099443778536820e-01
-7.937915783245241830e-01
3.881729996385356873e-01
-5.803625950683219958e-01
-3.498809981393944391e-01
-2.834416079162764834e-01
2.133822818582367109e-01
3.172886996747961152e-01
-5.769136643949424048e-01
5.458495036680748314e-01
-1.093663337695458537e-01
2.258018928327787389e-01
-4.657101131546443895e-01
1.302572743870731298e-01
-8.151726496502760266e-01
5.962652863231863165e-01
4.169472796849347240e-01
-1.364130562409133773e-01
-4.830873253357337305e-02
7.472147462013085661e-01
6.395859985099214828e-01
3.955005728167739765e-01
-7.123681717706062955e-01
-5.598831838119280313e-01
6.708190208161624035e-02
-2.716475707815746432e-02
6.002461232037781258e-02
1.868179005855796770e-01
5.357248423055667175e-01
5.406229800724315915e-01
6.384645861796101052e-02
7.303232321421784246e-01
3.940492335988587946e-01
5.479076922765400148e-01
2.254624261220976589e-01
5.591373579770722024e-01
1.787458106058936735e-01
2.848384162973416345e-01
3.535017412584215979e-01
-6.085507291201250890e-01
-3.123114475570516468e-01
-7.655034611667808075e-01
-7.751523559808737307e-01
-8.250685579385284019e-01
6.788176212207464033e-02
-4.911177795432386528e-01
-2.746861109682019464e-01
-9.792267694097114283e-01
-2.888101204072313077e-01
4.742649870210007279e-01
4.829166598663368060e-01
-4.685656966842408622e-01
-6.682683816420289524e-01
5.831183525457150907e-01
2.902487536173772309e-01
-7.954323073866351734e-01
-6.855056375743018293e-05
3.868326856449753048e-01
-5.136540531234750073e-01
4.537624951353200764e-01
-9.455008544990575192e-01
-3.088718950995601453e-01
2.836370111440624786e-01
3.871113541335247099e-02
-8.131397809735738669e-01
3.974218602778902820e-01
8.675987235134476894e-01
4.645911980793304696e-01
8.997005954140644413e-01
-6.747962802031604035e-01
4.594348783315933549e-01
-8.178279285698606405e-01
2.087183623263448862e-01
6.118316900666438407e-01
-6.192744279260677942e-01
-8.286715077060424761e-01
-7.604468163498445676e-01
5.491928754786083999e-01
1.990087296756757329e-01
5.652400846317431338e-01
9.332368429627879713e-02
-2.884055750452696465e-02
-6.830565438062372596e-01
1.634418923962874803e-01
-2.011093467647582234e-01
-9.136593809184305748e-01
6.515879538733471144e-01
-5.527898472685912612e-01
-1.279345378145899659e-01
-6.213635443278555659e-01
7.151806555166515533e-01
-7.124963481107109420e-01
8.509225042923040938e-01
2.492103371782163901e-01
-1.656427861012592651e-01
1.238537381930726600e-01
5.273774662087671317e-03
6.810832170423075649e-01
4.358707484318411485e-01
9.560465203952761559e-01
8.582373544742427640e-02
-5.523152957806483077e-01
6.705983474351135953e-01
-2.788199949804259781e-02
-3.268399622534954307e-01
-2.035103181259771965e-01
5.289563570951210103e-01
3.667684975541929404e-03
1.656272554523641194e-01
-9.641610621611083065e-01
8.643703744807387235e-01
7.445387321874781250e-01
6.916957168713921966e-02
-7.573983014258887092e-01
7.304957970449168503e-01
-2.701669811810347710e-01
6.997604444598126694e-01
-9.717471698636810373e-01
-5.497642529997321947e-01
3.439811372805006151e-01
-5.552452986076386043e-01
4.067766019985423753e-01
2.940670127481057605e-01
8.425612313252124341e-01
-9.068125882208739608e-01
-1.306317450315985784e-01
1.308191373071718733e-01
-5.165136067829780853e-01
8.979224746258895884e-01
