-2.860327583591224521e-01
5.098628839108985122e-01
-1.000000000000000000e+00
1.045814405783281054e-01
-2.425663197703351592e-01
1.000000000000000000e+00
1.186120502061821513e-01
6.030669823549390518e-01
1.000000000000000000e+00
-1.000000000000000000e+00
5.195105005615281435e-01
2.048016632664784176e-01
-3.246470901251474750e-01
-5.386169497492063751e-01
2.641773200733993909e-01
-3.152805313543394217e-02
5.995280828823466024e-01
6.040536733941721526e-01
5.208552812203164351e-01
9.365984262076226807e-02
6.915000006010521005e-01
1.000000000000000000e+00
1.607364563318289530e-01
5.312525117693046584e-01
-8.338881684268961703e-02
-5.873401376138955854e-01
-4.460462349354932243e-01
-2.176328518841106341e-01
1.501590482073776323e-01
1.594789930391505850e-01
-2.729007253865189941e-01
-2.019761981378452864e-01
7.816867895353807327e-01
-5.515363329111234725e-01
-8.441614415240576985e-01
4.795350464083436015e-01
7.072574259748601877e-01
-9.625748549818365918e-01
1.000000000000000000e+00
-1.263172880165980005e-01
-1.000000000000000000e+00
-1.931810890698493210e-05
8.770949345302204714e-01
1.000000000000000000e+00
-1.000000000000000000e+00
-4.582330565534677991e-01
9.134760582293383058e-01
-1.848583578064476873e-01
3.903282688874242234e-01
3.027162233486053733e-01
-6.547509759151007858e-01
1.726988058294409711e-03
2.439349835772522956e-01
5.219013620028114531e-01
-3.352859438754617061e-02
-2.814855242459540774e-02
8.958265977808919089e-01
6.344248599195743132e-01
1.000000000000000000e+00
2.686009341224913083e-01
1.530395093752856539e-02
1.000000000000000000e+00
-9.470934678974141097e-01
-1.000000000000000000e+00
6.693615263460189757e-01
-1.000000000000000000e+00
5.408459585108937179e-02
-7.374183942845365936e-01
1.333183224972407377e-01
-3.285259922570982205e-02
-1.074058099333770055e-01
-8.103374962137787074e-01
-2.796263648843372307e-01
-1.293244463218156948e-01
-8.840939245693728576e-01
7.462021865841417245e-02
-3.031485761815917446e-01
-5.187599011624377532e-02
7.923343043388276774e-01
1.000000000000000000e+00
-4.990505477334036821e-01
3.370628366720501701e-01
-1.000000000000000000e+00
9.223902806170461988e-01
7.585115848598082966e-01
-2.182604272715956695e-01
-4.516435282542820007e-01
-1.000000000000000000e+00
-4.418905687064197396e-01
2.415422855847981776e-02
-2.940106420605104187e-02
-3.429595148468808086e-01
-8.203180398936652518e-01
7.574676233636870037e-01
-9.737489522905894423e-01
2.400772587077362741e-01
-6.796395294227400297e-02
1.000000000000000000e+00
-6.618247437549107381e-01
2.991950357826893558e-01
-1.000000000000000000e+00
-6.114540292268200172e-01
-1.000000000000000000e+00
-2.605972295783137160e-01
-9.568208451959888672e-01
-1.010832017307246034e-01
1.000000000000000000e+00
1.000000000000000000e+00
1.000000000000000000e+00
-1.000000000000000000e+00
-6.662814233699716482e-01
3.595355840770377842e-01
-1.000000000000000000e+00
9.149246741961538643e-01
-7.647356126408575427e-01
-1.724046035501020091e-01
-9.470386680445026517e-01
1.000000000000000000e+00
-7.793698069149224139e-01
8.528255477693414965e-01
1.000000000000000000e+00
7.890165352167120005e-01
1.000000000000000000e+00
-8.831672655508178149e-01
-7.064416682803686953e-01
2.094110001702745028e-01
4.100190288344656153e-01
-1.400618121066388166e-01
-1.000000000000000000e+00
5.070840158726330760e-01
9.818111668656581692e-01
-6.069932172611871568e-01
-7.611887514058413018e-01
-9.198472631208661765e-01
-7.023997518079069247e-01
-1.670577680276154608e-01
-4.627259114158444597e-01
-5.014273841017206079e-01
1.000000000000000000e+00
-6.553493425415144458e-01
-3.063001083931217172e-01
-1.000000000000000000e+00
-7.395530358213101563e-01
6.841757523393097173e-01
-8.985962826007176663e-01
1.000000000000000000e+00
-1.000000000000000000e+00
-5.344782099062931335e-01
-8.105876426406266599e-01
8.902326202939786493e-01
-1.000000000000000000e+00
1.483538374228812740e-01
1.722479690612606085e-01
-1.000000000000000000e+00
-4.232227834158324153e-01
-7.566396393432097689e-01
-4.982366891671052844e-01
-1.144144331362417777e-01
9.542908823762652482e-02
-1.000000000000000000e+00
3.217166165935678723e-01
1.283498534963182225e-01
2.019857230863921771e-01
-6.804593271167052038e-01
1.000000000000000000e+00
-8.897362747425170415e-01
-1.623882883965812596e-01
-8.134632590572801192e-01
8.892104444500870120e-01
-3.296966386232679236e-01
-9.181786326421248479e-02
1.837998181166291545e-01
-6.775384371942625439e-01
1.157294781734723443e-01
1.000000000000000000e+00
1.000000000000000000e+00
-4.825345220613149189e-01
-1.000000000000000000e+00
-9.819807102928296283e-01
3.677281730627796064e-02
1.779853156064692410e-02
1.000000000000000000e+00
-7.530390015354249122e-02
1.000000000000000000e+00
1.000000000000000000e+00
-3.082703321304283151e-01
4.574053237551871098e-01
-5.731680476603515650e-01
2.356666656053663100e-01
-1.000000000000000000e+00
7.033973635286756565e-01
-3.718450336979794435e-01
-7.883836828054475721e-01
-9.662795894040860922e-01
7.722048238449075175e-01
-2.927496823132526016e-01
-2.995139266261327426e-01
1.000000000000000000e+00
9.289016136887500164e-01
1.000000000000000000e+00
-7.277119724322849148e-01
8.681731220752956224e-01
-8.813251606352302536e-01
-1.581922085157330127e-01
-9.451916962337739703e-01
-1.709216994430987624e-01
-1.000000000000000000e+00
2.848131081200215853e-01
1.060490754259374446e-02
-1.002562905175554686e-01
-1.000000000000000000e+00
-8.209835008578783011e-01
-5.296743046038858704e-01
3.882366434724305870e-01
-7.521317755035075159e-01
-7.265372167082306820e-01
3.350694821966816450e-01
1.272200726791034020e-01
-8.132889826956757329e-01
1.000000000000000000e+00
-9.025460485115364140e-01
5.661516400587549569e-01
1.000000000000000000e+00
-5.271082183570846569e-01
1.000000000000000000e+00
1.765381550341761363e-01
1.000000000000000000e+00
7.755517104746267876e-01
3.134524080888706488e-01
3.069295887022120972e-01
7.247032814149445556e-01
-6.429097839268287373e-01
-1.000000000000000000e+00
5.581428833311932181e-01
2.439925315036766129e-01
-1.137996586163055324e-01
7.447547623054797672e-01
-2.538134595265360005e-01
-1.000000000000000000e+00
-3.480628112928016993e-01
-9.967810903534143341e-01
-5.212063987970032564e-01
1.000000000000000000e+00
1.000000000000000000e+00
-1.457378952566140695e-01
-6.505831059752917866e-01
-8.373296942047039337e-01
-5.698802064739719730e-01
7.998856026431342414e-01
-8.728067603171441036e-02
1.000000000000000000e+00
-7.786190349384682907e-01
-2.258789106403049918e-01
-2.844583835506922509e-01
1.000000000000000000e+00
9.668293367124000670e-02
1.000000000000000000e+00
9.713524279060117284e-01
9.595874457822001213e-01
7.182414107511193579e-01
3.074313976345670607e-01
4.555675455321435141e-01
-8.975306391738459011e-01
-3.777939268611748558e-01
-1.000000000000000000e+00
