-2.233016881019556088e-01
-1.939845324293933970e-01
9.802652556660790273e-01
-1.982449449785517182e-02
9.434987841315159995e-01
1.004503554181457314e-01
-1.000000000000000000e+00
1.000000000000000000e+00
-1.000000000000000000e+00
-1.000000000000000000e+00
-6.655681001856785795e-01
-3.051538010292429992e-01
7.671180344177561672e-01
4.069655434926843229e-01
1.143661574759204935e-01
-1.000000000000000000e+00
-4.222560523868094662e-01
5.724223405418834565e-01
1.000000000000000000e+00
1.000000000000000000e+00
-5.232482252920298560e-01
9.855442479427041214e-01
9.439493705547961078e-01
1.000000000000000000e+00
-4.121735237850562283e-01
4.849067836304008505e-01
1.653521773659200056e-01
1.000000000000000000e+00
-1.000000000000000000e+00
1.000000000000000000e+00
1.000000000000000000e+00
-4.333711654337746300e-01
6.939531085809858002e-01
2.571379840425664920e-01
-1.000000000000000000e+00
-3.990724457309291484e-01
1.000000000000000000e+00
3.103030156357327041e-01
-1.000000000000000000e+00
1.000000000000000000e+00
9.414509213160908718e-01
1.000000000000000000e+00
-4.308789532106501174e-01
-4.439581072320663013e-01
-2.753311985878338364e-01
1.000000000000000000e+00
5.353695221610019761e-01
-3.751915682323905266e-01
-1.031155867311448482e-01
8.160087855525040013e-01
-3.828267806474867641e-01
1.376141288400420937e-01
1.000000000000000000e+00
-4.848115599787270469e-01
6.180701938612287449e-01
7.038703211048237263e-01
1.000000000000000000e+00
-6.776817390472210656e-01
-3.439980464182568198e-02
-1.151600973002059325e-01
-1.000000000000000000e+00
-1.000000000000000000e+00
9.878880206575771927e-01
-2.794936847193830731e-01
-5.170090038616017569e-01
1.000000000000000000e+00
6.705391948529288992e-01
-2.745618020234897871e-01
3.703956592434819450e-01
3.304124972742659150e-01
2.407094151179867136e-02
1.000000000000000000e+00
5.040015018945154246e-01
6.232247743362133441e-02
1.000000000000000000e+00
4.558248450069125046e-01
1.000000000000000000e+00
-6.924489188458922140e-01
-1.000000000000000000e+00
-9.646624918555735118e-01
1.000000000000000000e+00
-4.094178848484425481e-01
-7.640627038124220283e-01
-1.725857756805097842e-01
8.747593134706121987e-02
1.233700798035324842e-01
-1.000000000000000000e+00
-5.805784114035703602e-01
3.749676383669839352e-01
-6.079135511474869080e-01
-1.000000000000000000e+00
-1.000000000000000000e+00
3.758658604638926981e-01
-6.050818364130587934e-01
-1.000000000000000000e+00
-1.000000000000000000e+00
3.190158427385656470e-01
-8.411437773048970890e-01
1.000000000000000000e+00
-7.085441877126652521e-02
5.240854368867796653e-01
3.635636252514821143e-01
2.797952470508018319e-01
-5.917767124974728787e-01
1.071271006589974428e-01
2.120179934897034324e-01
1.000000000000000000e+00
-3.507542738096364188e-04
7.609745452495055851e-01
2.903666426722101290e-02
-5.595733456945762851e-01
-7.478816183643024473e-01
-6.096388530432932384e-01
-2.942299016288717484e-01
-4.132127580323835536e-01
5.333728164390976190e-01
7.864145311918135928e-02
1.974884086579653530e-01
-3.676672001244206123e-01
1.000000000000000000e+00
-3.283819631257456351e-02
2.048510437018835617e-01
8.301389992016214858e-01
2.912660276106814328e-01
5.520297073737703286e-01
1.448522137532533283e-01
5.416494088663261763e-01
-1.000000000000000000e+00
-1.000000000000000000e+00
9.102589489298442693e-01
-4.921087608335588115e-01
-1.000000000000000000e+00
1.018313635069688361e-01
1.000000000000000000e+00
-1.000000000000000000e+00
1.000000000000000000e+00
2.174097309267832567e-01
-2.233985743711939254e-01
1.803320456551704143e-01
-8.168095114873390461e-01
-1.000000000000000000e+00
-3.627820959434399639e-01
-8.447674377434163384e-01
5.202077734637853279e-01
6.051277202040550307e-01
7.989095508640057242e-01
-1.934296459852182792e-01
-1.000000000000000000e+00
-4.808644502985801594e-01
-1.000000000000000000e+00
9.237232876235771384e-01
-7.473962985900335365e-01
-6.772853463216210734e-02
-2.160832193602856277e-01
-8.289426430488558983e-01
2.588820448722352063e-01
1.000000000000000000e+00
1.000000000000000000e+00
8.280556024310159469e-01
5.449008105709605143e-01
-2.057670116675954786e-01
1.000000000000000000e+00
1.911926825778137440e-02
-6.415652729680305644e-01
-4.568070547242685797e-01
-4.406080074252238798e-01
-7.428587739018538416e-01
3.039238265471060352e-01
-1.000000000000000000e+00
-5.326617579160954907e-01
-1.394018395162713309e-01
-7.123977973792925411e-01
7.288223248582383906e-01
8.201905721534676896e-01
1.000000000000000000e+00
1.133905590836185029e-01
-1.000000000000000000e+00
3.907164022652583890e-01
2.395957338811637860e-01
7.332865505783755511e-01
-9.747971484970695544e-01
1.527234955840723885e-01
-4.724195439620072490e-01
6.662526509079630399e-01
-2.580453684959386207e-01
7.266431618821155292e-01
2.378180221371039016e-01
1.000000000000000000e+00
-4.138116773543502602e-01
-4.884014763153134986e-01
1.000000000000000000e+00
-1.695436552257031382e-01
-5.176240653307346840e-01
-4.981945932797487986e-01
2.038582398900820047e-01
-9.332169670102967718e-01
8.529294588517610798e-01
-1.517965725875159988e-01
-1.000000000000000000e+00
1.000000000000000000e+00
-4.013090295726361445e-01
1.000000000000000000e+00
-1.000000000000000000e+00
-8.091983914041032122e-01
-4.271317045978090254e-02
-1.000000000000000000e+00
-1.000000000000000000e+00
7.572817579258304121e-01
-8.087788860626576870e-01
1.000000000000000000e+00
3.465680030825891711e-01
-3.565154873089178000e-01
-3.632251286364024390e-01
5.004627853948275806e-01
2.855305199872797961e-01
2.414120627781147221e-01
1.000000000000000000e+00
-1.000000000000000000e+00
8.068770623240069106e-01
3.474152954722453668e-02
5.258539445601827511e-01
-7.999280893012368221e-01
-1.000000000000000000e+00
-2.354879517795205324e-01
1.000000000000000000e+00
-1.000000000000000000e+00
-1.509301326154412481e-01
3.210228950250035851e-01
-4.246629078650365763e-03
-1.889760062126888962e-01
-3.673301924555731901e-01
4.677289073072328218e-01
-3.851011919355828428e-01
-2.446230244628722350e-01
2.285266143220105739e-01
9.566870842709376266e-01
-8.898130476948288292e-01
4.411431642216789850e-01
1.564221444732168398e-01
8.694710781204327832e-01
9.510157515710854215e-02
1.000000000000000000e+00
5.544190304521867674e-01
-1.000000000000000000e+00
1.000000000000000000e+00
-1.000000000000000000e+00
-6.428281411313955251e-01
8.903245134060799870e-01
1.000000000000000000e+00
1.000000000000000000e+00
-9.014982732988463532e-01
-3.345074596301823577e-01
1.000000000000000000e+00
9.661512916389001226e-01
-2.408239166708903145e-01
2.211739340257038167e-01
5.680783484139133588e-01
9.709611056492293280e-01
-5.086886272936297360e-01
2.697689103044749181e-01
1.000000000000000000e+00
7.284700379344872800e-01
5.731495843838790849e-01
-6.782204680109238382e-01
1.000000000000000000e+00
