4.692354566155105822e-01
-8.180286581279150315e-01
-5.621514276083621198e-01
-6.227709788920698930e-01
2.207487011061763926e-01
-5.341610022806273506e-01
-5.570943932063976423e-01
5.180520580829020005e-01
-4.441116907129030178e-01
-3.545151836923030597e-01
4.889090982580985845e-01
3.518513285255917555e-01
2.011532553210952923e-01
5.887937844514730124e-01
-6.321458655312797159e-01
-4.515621842448052092e-01
2.317649022016974314e-01
-7.747090461664694061e-01
-4.139476220159281628e-01
-9.757030522393124183e-01
9.213285125089920591e-02
-1.143239945034968397e-01
3.352220933904508371e-01
-5.073062240493728670e-01
-9.192574687172134773e-01
3.501629174180209692e-01
2.254498210421227444e-01
-4.516916150473768710e-01
-3.496163920951311788e-02
1.384093932682011197e-01
5.896260394152246231e-01
3.377757069417983704e-01
4.954041947061724738e-01
-4.055305930031256612e-01
-8.630474031058688045e-01
-1.912700234218500661e-01
-7.045031111731558937e-02
3.784081006010631132e-01
6.343738199625461593e-01
9.706039872846243810e-01
-8.520277358278112168e-01
-3.368916349621908779e-01
6.275710818461119889e-01
-2.623584517654333759e-01
-3.933115595535809916e-01
4.640942841754751580e-01
9.161931105048524149e-01
1.098892392749859503e-01
-3.094213546139523707e-02
8.504407766428938587e-01
5.851521808453492568e-01
5.341057277390921509e-01
6.343147048794191001e-01
7.524251785660407421e-03
3.499248203611302621e-01
4.101732662234416349e-01
-1.399403480361323115e-01
8.307045947021738375e-01
-9.766530434064466526e-01
5.284997293900908222e-01
-9.479205376655168713e-01
-4.792200857771882205e-01
5.751419274803029058e-01
7.976716896949653801e-02
-8.770536644407094240e-01
-5.328348122696136002e-01
-2.123585249716863910e-01
-3.236433606647612926e-01
-3.159344747110177654e-01
-8.125537541327696456e-01
8.046422392345040642e-01
1.849002429205071074e-02
-4.444905195716049029e-01
-9.780674361775036907e-01
-5.353257247793241635e-01
-9.694434206191824277e-01
2.853667854240158341e-01
-3.148485003916730030e-01
-1.282877815767393681e-01
9.775037092303895392e-01
5.518251157684668229e-01
-6.738426367182293042e-02
5.291500658671157709e-01
3.466313076601257315e-01
-9.372453499852977377e-01
-3.347054073840289856e-01
-5.242240517405805100e-02
7.842193985452328153e-01
8.097882331759125307e-01
-5.926417166117932123e-01
6.116540432341541766e-01
-2.143889371720300030e-01
-6.219364734654497795e-01
-5.498998245512274341e-01
-1.964273162011300755e-01
-9.655952858778695802e-01
-9.034117572982907074e-01
-9.343230127617887515e-01
6.205010354092503899e-01
-8.191186446052174386e-01
-8.650710597406818803e-01
9.311395057962130739e-01
-4.597999778988022257e-01
5.082268860288192691e-01
1.389826400015437002e-02
6.927569589682875950e-01
-9.096943692822772043e-01
9.740258563086854338e-01
-1.929969079551914213e-01
3.911987455183125739e-01
7.606281261954184192e-01
-3.497387159237985710e-01
-4.639306963043026144e-01
-3.776561541457330584e-01
-8.505935496207730484e-01
4.419914589242179837e-01
6.644796617941410855e-01
-9.821053757092499392e-01
2.505759490050287752e-01
-3.030709127293578220e-01
2.681366674728551391e-01
-9.519190549927296630e-01
-5.553174849343602837e-01
3.961781951418266168e-01
1.777551406355017960e-01
1.303100050204728522e-01
-1.874753542775364767e-01
-9.069750743734661391e-02
4.862478765302702399e-02
4.256429966443071589e-01
7.741799979922772135e-01
-3.179914821593898822e-01
-9.399250442005058215e-01
-3.924791408634566992e-01
-5.474496240408686099e-01
-2.722657544447624201e-01
-4.092048897653082218e-01
7.300861711041228830e-01
9.208780539608696358e-01
9.795738326733245405e-01
5.855333421687629603e-01
-7.964228461932814085e-01
-8.001633019449454487e-01
-1.642821858020715453e-01
9.261695090400581254e-01
5.271786364347041953e-01
-2.896944657294315828e-01
4.029041144807627983e-01
-1.646881235078307970e-01
8.481244863679060497e-01
-7.711543619136227434e-01
9.336202059567118017e-01
-1.800975602891077276e-01
-8.420785136480664068e-01
4.614263224060881630e-01
5.107039785387559316e-01
8.998102222298325348e-01
-6.503827889413151819e-01
-2.465719723287933540e-01
-3.453435204126253932e-01
4.385506702220334230e-01
-5.313183254820632584e-01
1.608517831754356919e-01
6.303238906688786169e-01
2.714425106467361903e-01
-2.179407409687776909e-01
-8.714519863141612088e-01
6.407679099549992152e-01
-8.994440348625318826e-01
-9.567402642906353005e-01
-3.542163578270545177e-01
-5.227098176155438036e-01
-6.116171301824413487e-01
7.192123520927626856e-01
-6.226581804636754924e-02
8.729576208386493619e-01
-6.359925457907928958e-01
-5.040204270487460558e-01
-5.931435098053838839e-01
7.626512996867162997e-02
3.651585890173485449e-01
4.571847999983307265e-01
2.165288627545967071e-01
7.647059964362767914e-02
-8.409602928084813911e-02
7.996874901335910835e-01
6.103340738108617991e-01
3.265005174919710651e-01
7.606099097920604457e-02
1.484977277540473484e-01
-4.879026992738182411e-01
1.070550045230660441e-01
-5.429624522732070524e-01
-6.851580163817172497e-02
1.824325903238561697e-01
2.374796300577868280e-01
2.843388451779944592e-01
-8.329730205333618631e-01
9.662226443850490121e-01
9.874274550173884890e-01
-4.100919587705411651e-01
-3.688577703105269112e-01
5.307665536572381271e-01
-4.002466774397797078e-01
3.467452138466364797e-01
-4.804163441354516451e-01
-8.488494202649308207e-01
3.766163126500030600e-01
3.117724314557515086e-01
7.722994435808696601e-01
3.852935798079388796e-01
-4.642699168578030555e-01
7.840347185111475881e-01
9.954152742517423658e-01
-1.156683982865880367e-01
-4.034136799721494970e-01
-5.954605535966206453e-02
-3.604650337124049031e-01
-2.494677084373146947e-01
9.054241862886696079e-01
-1.313202638699679792e-01
-2.731014893032326363e-01
8.709847947833955217e-01
-6.101886917674248512e-01
2.448229305151645718e-01
-9.925862030778567213e-01
2.005505713127098133e-01
-8.919166188215439384e-01
9.197051190268548115e-01
7.485476524973155854e-02
-8.983150312944194749e-01
-9.829974300607089432e-01
6.020706327841367500e-01
-7.849268560061961608e-03
-7.597027867565209203e-01
-6.310477322917340537e-01
6.338193010854076270e-02
-4.420596223631709787e-01
-9.026627894797361051e-01
-4.885024158393267424e-01
3.968810583829718297e-01
6.839296211226231215e-01
-1.311840775880264154e-01
8.834036392915709524e-01
2.651377148885147861e-02
-8.597040817854522121e-01
-5.473370478487822322e-01
8.366400457402192181e-01
1.167798049769357416e-01
1.023798010522074531e-01
-6.452317781766458982e-01
-3.690056912468846484e-01
-3.813245000535006035e-01
3.379746635316660530e-01
6.365521916539269576e-01
-1.196023114526114650e-01
1.472232330656098043e-01
5.913504123690376257e-01
1.272133018603049948e-01
2.336746046998250392e-01
-8.167374797708581990e-01
4.618238640369229930e-01
7.767377564545845381e-01
8.123741927123291351e-01
5.456276152447192551e-01
