-7.367297325950592501e-01
-2.340561461082357742e-01
9.791761149937918685e-01
8.608677263071173869e-01
-6.440370670068955583e-01
-8.451613863638163249e-01
-2.168741205648005987e-01
-1.528825798340212039e-01
-7.027302981569873985e-01
-9.568837367336640032e-01
6.514496328255547919e-01
-3.215590906326102338e-01
-5.772070147441261678e-01
8.907795921399592753e-01
-5.205336171621604002e-01
9.000844510364691686e-01
-8.014412293079806737e-01
9.639307970768637990e-01
-4.479826995688431790e-01
5.511253026194922189e-01
-9.961489149487108286e-01
1.750871752160876316e-01
1.594526205576789479e-01
2.863032985759748072e-01
-6.143333064941554067e-01
-3.494402333126289673e-01
1.953848929686707869e-02
-6.149376919658504637e-01
-5.787019604669363382e-02
5.204224252168154763e-01
2.215069777927425321e-01
-7.692054389699427563e-01
-2.788539970926580125e-01
-8.565964027725561092e-01
1.249832111945758939e-02
1.789315554481707427e-01
7.881056380351512125e-01
-6.973298353396271132e-01
7.333100793262714578e-01
-8.659506014484303904e-01
-8.313433648615342619e-02
-8.187930548615818260e-02
-6.591802006282903026e-01
1.376086222380923374e-02
-8.748597030545897102e-01
6.142596298588727244e-01
7.890632866786146948e-01
3.715107836610822556e-01
-9.094871633959384916e-01
-9.308647859439491690e-01
-1.672998791541315811e-01
-2.245123891102527303e-01
4.551670926228368330e-01
5.649470238410030376e-01
4.593566810772444775e-01
-4.501481120377102130e-01
4.929527670151467866e-01
-1.203836839462333330e-01
-9.107927153183827951e-01
1.621233169701863375e-03
6.774241069951936201e-01
-3.308753075736627913e-01
7.328202817535764968e-01
6.182737013293102546e-01
1.966474040943309021e-01
4.009810840433396528e-01
-7.888494001871797501e-01
4.808322653871603958e-01
5.347720867995431338e-01
-4.036679691278481918e-01
9.698893355357882662e-01
1.314285138468209713e-01
-4.349311746171471427e-01
4.732328344848852897e-01
-1.159596507484985661e-01
-1.683727473005878217e-01
-1.856746331056249311e-01
4.365935482191198869e-01
8.158694576725935566e-01
1.677785983417869886e-01
-8.354391691489775340e-01
-2.526870512071284214e-01
1.976007693025159107e-01
-6.478863091434956534e-01
-7.247604462056034258e-01
9.067853953516624710e-01
-3.744754450658713818e-01
-8.746375870436362554e-01
7.447826454145145547e-02
-5.440287130381307179e-01
5.689840397897842905e-01
2.775307590226572252e-01
-3.593757608078440580e-01
8.433899646581350940e-01
-9.887901457784533665e-01
-7.848867098380605256e-01
-4.043702255101639942e-01
-1.359037362072279542e-01
2.538430287866628721e-01
-1.386875265411147140e-01
-8.477174891222423181e-01
9.146541775700178789e-03
-2.348124182086068767e-01
5.603215971585271404e-01
-7.796938667080632879e-01
9.769909305923205611e-01
7.391315193664000915e-01
1.757299835458991932e-01
8.419351412733833140e-01
-2.297112886939631782e-01
-7.145429489399608425e-01
3.893220207698306901e-01
-5.513856005471273747e-02
-2.864393815228960527e-02
-2.688433877826139629e-01
-1.638300129388514659e-01
7.376407868131003021e-01
6.409013930743960863e-01
4.909528609907245489e-01
7.916151263558941498e-01
-8.916163299158763600e-02
3.790993479975579561e-02
4.053124665593672571e-01
-5.409472087219651115e-01
7.308175878152056715e-01
1.234647913413031706e-01
-1.053256008892222706e-01
7.269990086777837757e-01
9.531645529798757899e-01
5.055805508911102031e-01
1.596091525508436249e-02
-7.611046705062773921e-01
6.516526333437011598e-01
7.613757183440728049e-01
6.943771106573033425e-01
-6.972552416704922429e-01
7.716385634513398539e-01
-5.310859127266049917e-01
3.417294101117593907e-01
7.577405091873969933e-01
-4.772776236117366455e-01
-9.202164109186727892e-01
1.428092133277305553e-01
-2.313841594700694060e-01
7.211613541311279185e-01
-9.384471113550778565e-01
-7.643660334778183962e-01
-8.073249455703976896e-01
4.037209293728794002e-01
-4.960425871562417210e-01
4.030080856903905939e-02
-9.037709016833523901e-01
3.340364937731750139e-01
6.040312286585818313e-01
5.106315533773542192e-01
-8.962993205007232511e-01
6.841891819879364345e-01
-2.193476863298078339e-01
-6.884539048915028214e-01
4.036531069611666300e-01
7.981574270592020071e-01
-3.724921905656501941e-01
-8.392181873735942155e-01
-2.133440331870795070e-01
-7.051197854124990894e-01
1.351411090063541209e-01
-2.990929913611790614e-01
2.173168887980652109e-01
8.366369242451603405e-01
-6.442079258066637504e-01
7.768370861799802629e-01
-8.106984056640922365e-01
-3.693293265729424846e-02
2.505955852156560582e-01
3.595424577470516248e-01
9.495609022665372212e-01
-6.572218600415107304e-01
-3.950989307350558644e-01
6.010278805600894891e-01
-8.442407165818361925e-01
-2.122172208626569301e-01
6.490811443985915474e-01
-6.105988197160883146e-01
-8.403805530751804476e-01
2.419405702239871836e-01
-1.216098944595802589e-01
8.852105597403379100e-01
-9.566118563578407397e-02
8.781394997639664357e-01
-6.257553309318679702e-01
4.392048101583689856e-01
3.605908162154225494e-04
6.255381625188967121e-01
-3.598721721980495669e-01
-7.310193877017756581e-01
5.760602550922029330e-01
-2.157335842599361619e-02
4.812497373451414262e-01
-6.007996320366115750e-01
-3.040397090913560252e-01
-8.281686314813041516e-01
9.408768175305353143e-01
6.506871080472667046e-01
6.602277318599947264e-02
5.968664549490474425e-01
-9.449722834425948736e-01
7.605807090356273559e-01
2.684761297277324932e-01
-7.070004192652104003e-01
-4.552530015808951003e-01
-8.044810653161631464e-01
4.871921882146033056e-01
-2.975851271221157113e-01
-3.476506406873136612e-02
4.910172290518399763e-02
9.238839994048038129e-01
-5.861920860844624936e-01
4.009219558343912748e-01
9.027656846338520946e-01
-9.104158729470235301e-02
9.489113786801817163e-01
9.311833862321041710e-01
6.394952826913802291e-01
2.674025392753298647e-02
-3.248798936765684431e-01
-1.465464586144544779e-01
4.497929143119476780e-01
7.001691638224025738e-01
7.847218742902022370e-01
-5.370543595135730541e-01
-5.455101122851442330e-01
-5.945533448949227306e-01
5.561628115367400760e-01
7.764061210932458046e-01
6.431871682144965074e-01
-3.981748130433804267e-01
-8.102076530162394263e-01
7.176407164782421244e-01
3.344262860766564760e-01
2.483140179763718702e-01
3.970276450792533662e-01
-3.670569677988866353e-02
4.774930717708629757e-01
8.575355883541526669e-01
3.854802671865331654e-01
-8.873932689686527819e-01
-7.284292799440055255e-01
4.368382977011890933e-01
6.956782299270658498e-02
5.551834614467980877e-01
2.503806775697208220e-01
-5.747909338383647704e-01
-1.840443264001117019e-01
-8.994509806489534576e-01
2.741286932384818797e-01
2.107945737882384041e-01
7.639418794146577429e-01
-4.041952218205171476e-01
1.441799448182770060e-01
-1.450895652368249245e-01
1.617285210651460137e-01
7.874932726374761494e-01
6.843278284309655124e-01
-6.030279722731017866e-01
-5.395133955917927882e-01
