-1.000000000000000000e+00
1.000000000000000000e+00
-1.000000000000000000e+00
3.471333044482409202e-01
7.064476578947298524e-02
-9.192584803965910822e-01
3.047813273982418747e-01
-8.466309673926943891e-01
1.000000000000000000e+00
7.536957590269234286e-01
-1.000000000000000000e+00
-8.699439836089624123e-01
-4.198032397267746907e-01
7.939591700449248890e-01
-8.755889875635697317e-01
1.000000000000000000e+00
9.426019777343515038e-01
-4.804715625731121875e-01
1.000000000000000000e+00
4.589445229833135631e-01
3.918572386415164477e-01
-1.000000000000000000e+00
-7.950517391379635646e-01
-6.470428357990258839e-01
1.000000000000000000e+00
6.253146240335306638e-01
9.938683244939101602e-01
4.071252358680830796e-01
4.563736721897381221e-01
6.286388728455415409e-01
6.328628999515603093e-01
-3.330207580076876006e-01
-3.613514124744621192e-02
7.222163614567962409e-01
-3.510189173038896771e-01
-3.244078462055585699e-03
-2.538156053451883221e-01
8.790113532584515887e-01
-3.836723907158519076e-01
6.317146629974933481e-01
5.155560348200630694e-01
-1.007455026161625522e-01
-1.345005961551139217e-01
8.494921830873221058e-01
-2.071835802128263460e-02
5.816073174295337544e-01
3.886514877846574123e-01
-3.160159818403178722e-01
8.189698631286446151e-01
-1.000000000000000000e+00
-1.000000000000000000e+00
7.681965503011469742e-01
1.000000000000000000e+00
3.417489791231069773e-01
-1.531342163560325820e-01
-1.179021729800634744e-01
2.951750752450803539e-01
2.675212184260189474e-02
-9.563804020825643626e-01
-6.832140545745517546e-01
-7.609112048663833061e-01
-9.898089694779009795e-01
2.770375160333681253e-01
-9.802260778546598718e-01
7.804889496453932818e-01
7.317423565379252981e-01
-9.714390794537655083e-01
6.787380462789027735e-01
-1.000000000000000000e+00
-1.075571593752443211e-01
2.315360562639550146e-01
-1.000000000000000000e+00
4.215679280664334505e-01
-1.718039712439182187e-01
-3.136737944879428031e-01
-1.726102362379735022e-01
9.811094490969263227e-02
1.916483823031545630e-01
-1.000000000000000000e+00
-8.992485352034982338e-01
-3.952618106384054864e-01
-1.588330575079530127e-01
3.749698661368858765e-01
-1.000000000000000000e+00
-5.820768030628233891e-01
2.183230697138447557e-02
-4.898799597658547167e-02
-9.217141665421830776e-01
-3.009781901339836918e-01
-5.064086313831576286e-02
-1.000000000000000000e+00
-1.463428850315372509e-01
8.234465602468364898e-01
-8.408132225102815660e-02
-9.995615221630209379e-02
5.997421278334353900e-01
5.603864926295123450e-01
-4.514488705329969820e-01
3.236743569838048673e-01
-2.780696400137108171e-01
9.617308481048665314e-01
9.108744515474700432e-01
5.549148662891012496e-01
-1.987432434970717865e-01
-4.450195789072584063e-01
-8.254500261292795349e-01
1.000000000000000000e+00
-1.000000000000000000e+00
-2.457669202753507420e-01
-1.737476102290616553e-01
-3.075967482706692957e-03
-3.247404056602970490e-01
4.537355867926412545e-01
-9.084415678857400422e-01
7.755942139811144997e-02
-9.158887626580443087e-01
7.526261727458526396e-01
3.547693573485624086e-01
-5.635584916095788266e-01
1.000000000000000000e+00
-2.691113002133028731e-01
6.569943716783479548e-01
7.288451733427330215e-01
9.516352066981597080e-01
5.469550695000262586e-01
9.984752390714254910e-02
2.343315208099880920e-01
-1.000000000000000000e+00
1.000000000000000000e+00
-1.000000000000000000e+00
4.971784062669598603e-01
1.000000000000000000e+00
-4.190444081725211989e-01
-1.000000000000000000e+00
5.198630919724189781e-01
8.601969208434951941e-01
-4.278929611871877259e-01
-7.102438544438098855e-01
8.648790362012066524e-01
-6.712904515739737121e-02
-8.451352247856736000e-02
5.424065487881087888e-01
-7.742180890638352686e-01
-5.292881917228084987e-01
-4.930017288814706466e-01
-6.563011380125822747e-01
-6.315243928191300871e-01
-1.060281804227476421e-01
-7.163909302464874784e-01
7.728863429841646981e-01
-2.115963020111901738e-01
4.801837645156892265e-01
-1.000000000000000000e+00
1.000000000000000000e+00
1.311982008428337343e-01
-4.518277748945840888e-01
1.000000000000000000e+00
-5.940565311812706639e-01
-1.171636982185113585e-01
7.267235586226115096e-01
5.576885111516407534e-01
-5.121917001704455741e-01
-1.000000000000000000e+00
-9.210777590428143036e-02
3.532069996980509163e-01
-5.194438763767030842e-01
-1.000000000000000000e+00
3.539548733847339701e-01
1.038101279751369455e-01
2.094045097160169844e-01
2.791502778764604620e-01
-2.363307649270360300e-01
3.422476159712388721e-01
-5.694399891381833889e-01
8.397902618792871254e-02
-8.009802410823076979e-01
-2.218124175325493219e-01
-7.765765801719365369e-01
-5.344023158726640688e-02
-1.000000000000000000e+00
3.898697717595735468e-01
-1.686722426501573169e-01
7.340595584407061391e-01
-7.718213043788133554e-01
8.736154186361733132e-01
-9.621854576799284686e-01
-2.369740457150435187e-01
-5.237003132387281212e-01
1.218528945180086254e-01
5.609182799355729721e-01
-3.745566824455861532e-01
-8.497079097620297006e-02
1.000000000000000000e+00
-4.710587591983288469e-01
-3.116980350739404493e-01
-5.235028895594873166e-01
-5.219303155744727807e-01
-1.106095971403375788e-03
-8.473222242219444755e-01
-3.039839533900333124e-01
1.696505739693093817e-01
-8.793401187340252889e-01
5.098295900019895743e-01
-1.132142361955496279e-01
6.683147730847776025e-01
7.092774018830796390e-01
9.169850809819473092e-01
4.032968299999439843e-01
1.000000000000000000e+00
4.519238733015682463e-01
-8.758069638319454508e-01
-1.084161181165603505e-01
-6.783479423145025722e-01
7.688330312927009746e-01
5.429647549541757323e-01
-1.000000000000000000e+00
3.256362475041021387e-01
1.104892662578321749e-02
-2.199732324709868792e-01
-5.470552990431606921e-02
9.524709425411672647e-01
-7.644948834795498582e-01
-4.722862671617442665e-01
-6.795152341838144316e-01
1.000000000000000000e+00
-1.000000000000000000e+00
6.417091215279968619e-01
4.317144226924398698e-01
1.000000000000000000e+00
1.000000000000000000e+00
7.240626609764360122e-01
-1.000000000000000000e+00
-1.834132583169211239e-01
5.503475354023180666e-01
4.466380811044271537e-01
-1.000000000000000000e+00
1.358385474340512156e-01
3.767434535583529254e-01
-1.000000000000000000e+00
1.000000000000000000e+00
-4.023313024046070718e-01
2.525692794092954663e-01
6.736688787634672604e-01
-7.848880789093064525e-01
-6.260513288074881499e-01
7.310636725222924293e-01
6.808722628984926750e-01
-4.221103607011087999e-01
4.169441171964667903e-01
1.000000000000000000e+00
1.000000000000000000e+00
-9.439198031253632770e-01
-6.171419292325647232e-01
-4.209966235396526146e-01
-8.341839618118291888e-01
1.810448192136532297e-01
-3.352013222053212282e-01
1.475976596596006996e-01
-1.000000000000000000e+00
-1.000000000000000000e+00
5.663879471214897654e-01
-5.762408138799812729e-02
1.525183767442631066e-01
1.000000000000000000e+00
2.251845323631391782e-01
