-5.023825401095489696e-01
8.072688117664181817e-01
-7.506136257017337332e-01
-7.478584062018482914e-01
1.000000000000000000e+00
-8.510959372817146207e-01
-8.492209585731680388e-02
-4.774102917298299054e-01
3.825794505072934726e-01
1.000000000000000000e+00
-7.900616565132789759e-01
5.661864798055238346e-01
-9.101407371213032782e-02
3.037734007289247806e-01
-6.222865629311448155e-01
4.217021034650036970e-02
1.000000000000000000e+00
2.822614498059579369e-02
-1.945914344961885978e-01
5.908353097195412351e-02
-1.000000000000000000e+00
6.669568932266729533e-01
1.000000000000000000e+00
5.436953421997650082e-01
-4.805386115107994072e-01
7.065427720950083756e-01
-6.469134893377113116e-01
4.308341522876516505e-01
3.810390863879143386e-01
9.369785929726692775e-01
1.211803015413698281e-01
6.154707360720182985e-01
4.670909083304140563e-01
7.577112717857175106e-01
-1.000000000000000000e+00
9.233215250828347154e-02
4.492599054154411409e-02
1.000000000000000000e+00
6.905396378304816674e-01
-5.685598473463739921e-01
-4.449292605108488008e-01
-6.089365356951460528e-01
3.699403131401064471e-01
8.620484416979472542e-01
-8.704536700936005289e-02
9.417397227093387002e-01
-1.000000000000000000e+00
-4.432134859952228112e-01
-1.185869800713281741e-01
-7.738435595891529628e-02
1.056834297351331164e-01
-1.000000000000000000e+00
-3.127734682914823372e-01
-1.000000000000000000e+00
2.503378770892177307e-01
-3.701308348109413338e-01
-4.650490851830231809e-01
-2.643064105457815227e-01
4.992779630402832680e-01
-1.328050632470225700e-01
-1.000000000000000000e+00
3.236310146627987550e-01
-8.975207973034990405e-02
-4.423195412719758135e-01
-5.124561074426801088e-01
-1.664702055540601133e-01
4.315880655142467770e-01
-8.980585339693990532e-01
-6.886771003905524102e-01
-2.556121441162134134e-01
-9.814295566634445578e-01
-1.000000000000000000e+00
-1.000000000000000000e+00
9.466645545367757819e-01
9.263780124423517393e-01
1.000000000000000000e+00
-5.570319151369531596e-01
1.000000000000000000e+00
9.638909122510044281e-01
-5.698347282681167636e-01
1.000000000000000000e+00
-8.044811793604256245e-01
5.246944859446756038e-02
1.843864753619960384e-01
4.012464505051778207e-01
-1.485586130764083301e-01
2.024908682132523299e-02
3.385032171767879960e-01
-5.541402998828660609e-01
-4.998942788160031792e-01
-6.826655584559726542e-02
-1.000000000000000000e+00
5.503797613931369348e-01
-4.786097218168148260e-01
8.635719387329311436e-01
4.932803320397746716e-01
-1.884589456396499330e-01
1.000000000000000000e+00
4.572551092398990935e-01
-6.290602660041682004e-01
2.360772560097347261e-01
-6.891759913922240743e-01
3.448843090381256138e-01
8.630726335318448239e-01
6.241879868273429999e-01
-6.450826455153592098e-01
5.120574694284394379e-01
-2.017123137681176848e-01
-2.504970037563341023e-01
9.924589367822901353e-01
1.000000000000000000e+00
2.293961785633291672e-02
-1.000000000000000000e+00
-7.075790286837946308e-02
1.313991485814569593e-02
6.612316285083752465e-02
9.029127067474047585e-01
3.015770307517957605e-01
2.853513370259729842e-01
-6.109865129397952233e-01
4.432622228681966647e-01
-1.000000000000000000e+00
-1.000000000000000000e+00
4.169635759917263429e-01
8.668584062097794973e-01
2.566994560166949713e-01
9.795339113007244247e-01
1.491781433246572863e-01
5.922351086391319797e-01
4.532826331774305606e-01
-9.391533272722966119e-01
4.895146331765832248e-01
-1.000000000000000000e+00
1.872961601258835707e-01
4.804089764645647076e-01
-8.224397626408048723e-01
5.640742332408446025e-01
1.000000000000000000e+00
-3.992631974802635098e-01
-5.595063918232310307e-01
-1.000000000000000000e+00
7.035129978146392737e-01
1.292025981008292357e-01
1.000000000000000000e+00
-8.707993831621080316e-01
-8.850440961536030215e-01
9.418302018903228490e-01
-1.000000000000000000e+00
4.832717595867176974e-01
-6.713240150986334864e-01
9.618186113322966246e-01
-8.069880932934225815e-02
6.069701040496289224e-02
1.000000000000000000e+00
-1.000000000000000000e+00
3.470149657058513304e-02
-3.112341540700782616e-01
-8.544958736627907836e-01
-6.431391541827353731e-01
2.437640533292818046e-01
-3.110104811938364522e-01
7.292043315517147128e-01
-1.000000000000000000e+00
3.590066447545408046e-01
-1.000000000000000000e+00
2.147945963519165558e-03
-2.007681878570672374e-01
-5.153489217073767836e-01
-5.095329849794690835e-01
-6.178422235092496662e-01
6.364142129693128869e-01
-1.000000000000000000e+00
3.351191039333084043e-01
4.438532986717431683e-01
-5.217954741996688739e-01
1.000000000000000000e+00
3.716392043428627945e-01
-1.000000000000000000e+00
-1.000000000000000000e+00
-8.321944032274991576e-01
-5.580987765743894435e-01
-9.825792466487210941e-01
-7.619271719421232270e-01
-5.220421283142833158e-01
-4.582438861903170846e-01
-1.000000000000000000e+00
-9.322827623917806505e-02
-2.596172624973245302e-01
1.004025317700667219e-01
1.000000000000000000e+00
8.225138835210485944e-01
-4.453992187749181708e-01
6.496142175773289562e-01
9.531372033226312990e-01
-3.918213065122241878e-02
1.000000000000000000e+00
5.921809991411266516e-01
1.672905785296086023e-02
7.054472734692860403e-01
-1.588528289864987453e-01
2.398957504725098278e-01
5.446497374357652799e-01
-3.281126376209039242e-01
6.803378049700958830e-01
3.234654493215083360e-01
1.000000000000000000e+00
3.604097888103003910e-01
-5.453900203701625982e-01
-7.111395039345732583e-01
1.000000000000000000e+00
8.731974096665582330e-01
7.720473872952104966e-02
-3.566346963254060087e-01
1.000000000000000000e+00
-4.604462532227593385e-01
1.017128266821927529e-01
-8.456812083240585753e-01
-5.577885290729032164e-01
-3.087495327682291402e-01
-4.349860636086648746e-01
-3.228929836990134250e-01
6.903918763704152139e-01
-4.357392597772786758e-01
9.063470550842859241e-01
-4.214328734998524228e-01
-3.359332628227014172e-01
-2.750798176421680452e-01
-8.658287326082459989e-01
2.968476799729444782e-01
-1.000000000000000000e+00
-9.824502227790622433e-01
6.434645992139309545e-02
9.182506749302887794e-01
-2.210928864639220004e-01
9.289567454368796717e-01
-9.319680515728653858e-02
-9.046731179117671884e-01
-1.420016426597842663e-01
7.374804814671920283e-02
-1.000000000000000000e+00
-4.581240208379534495e-01
3.099594120786578477e-01
7.705847468007906986e-01
3.353483386881245809e-01
-7.261836211882588543e-03
-4.494860064124773791e-01
7.002215172787253916e-01
7.747387623606676321e-01
8.518453157453662050e-02
1.000000000000000000e+00
-2.646486981952916318e-01
-3.905966091389928563e-01
6.970607537172617274e-01
-3.010871741367567300e-01
8.279097047495038719e-01
-5.521314593781409541e-02
-7.644088702460167806e-01
-9.909717619920880294e-01
-1.000000000000000000e+00
-4.844175100283492075e-01
6.166797115893607462e-01
-3.575502508936017065e-01
1.079639625685027832e-01
1.314614493077811974e-01
4.704253771741049306e-01
