2.919862877366609100e-01
-4.549184435154915995e-01
-4.777428856469885243e-01
-6.227546899665933333e-01
1.000000000000000000e+00
6.882315743279256992e-01
8.044072966299838923e-01
-4.821459640846625927e-01
-3.396355908966053327e-01
-1.000000000000000000e+00
1.000000000000000000e+00
2.678305526104564072e-01
5.561053385365610779e-03
-1.000000000000000000e+00
7.295058227547557284e-02
1.050741651330563131e-01
4.774443512646651122e-01
1.000000000000000000e+00
4.337561426960991895e-01
1.000000000000000000e+00
-5.013490099153206092e-01
7.852852405672284819e-01
1.000000000000000000e+00
-3.827483136919926365e-02
8.722952802324819288e-01
-3.931070393769299232e-01
8.174416033978056939e-01
1.000000000000000000e+00
-3.945082818789782397e-01
-2.803922364459976446e-02
-1.000000000000000000e+00
-4.798208972003287776e-01
-8.457449428986345552e-01
2.443353014595490424e-01
1.072222539595606705e-01
-5.529727321828041831e-01
5.381502255913973576e-01
1.297485803445493913e-01
1.000000000000000000e+00
7.906741893735220739e-01
-3.445751877979523758e-01
1.000000000000000000e+00
-4.412763842669860104e-01
1.335419690334244402e-01
-5.724688214593719460e-01
-3.427838386927084535e-01
4.713602304137037846e-01
5.643895171794277577e-02
1.000000000000000000e+00
-4.823939079335871627e-01
6.674356632903384323e-01
-2.226927432256067818e-01
-7.149772038078189285e-01
-1.000000000000000000e+00
-9.696700740099534199e-01
-2.773451694271722445e-01
-5.233507633066301068e-01
9.757448154379209093e-01
2.052314314360799696e-01
5.215301125694228324e-01
9.547486593720361236e-02
-3.511281075228107063e-01
1.867622818962558773e-01
-2.121502630431004732e-02
-6.427245081200190224e-01
-1.000000000000000000e+00
-9.697263593453309127e-01
-3.599473536750388281e-01
-1.539953647494167188e-01
-6.901645660634023738e-01
-9.305844799914744225e-01
-7.795300586971531942e-02
-8.452138259714850888e-01
-7.520182690958728822e-01
1.039491283869652533e-01
8.325747177516885644e-01
-2.225340480576122326e-01
-8.962393264007217919e-01
8.856007069575413393e-01
-6.146514316628126640e-01
-3.083939495342147286e-01
-8.987228792684628376e-01
1.000000000000000000e+00
2.201248413729302023e-01
-1.000000000000000000e+00
3.608314124914958065e-01
-4.733915318533117866e-01
7.780000416225626991e-02
-2.873185010798782191e-01
8.877235432795754777e-01
-1.000000000000000000e+00
8.576109387884651714e-01
5.579554612043602368e-02
-1.000000000000000000e+00
4.726760100162543665e-01
5.942760185735229683e-01
-5.388372030172672300e-03
9.354845855458084891e-01
4.250322091998574026e-01
5.457842778978322373e-02
9.650765419841059733e-01
-7.801542766485469738e-01
1.757486648532402551e-01
1.000000000000000000e+00
6.250428518906925301e-01
-4.483606787927231219e-01
-1.000000000000000000e+00
-3.176173623265521329e-01
4.690476934596652381e-01
-9.098921437956658531e-01
-1.000000000000000000e+00
-1.501483066396580579e-03
-1.018136545782352548e-01
6.460948617584088005e-01
-6.735240473389657589e-01
4.093604205242973304e-01
4.085860306682885801e-01
9.979031215404956523e-01
1.000000000000000000e+00
9.178482237173848368e-01
1.000000000000000000e+00
7.798861967119771199e-01
1.000000000000000000e+00
1.000000000000000000e+00
1.810036029042465522e-01
-6.513035889003078172e-01
6.075933664454977734e-01
-4.392549657156606668e-02
2.080827579900470514e-01
3.977340851340188665e-02
1.000000000000000000e+00
8.490970759163122272e-01
-4.474844731864697778e-01
-3.618294263754263662e-01
-1.353010104683738390e-01
8.756643914066026824e-01
1.000000000000000000e+00
5.133435613803438713e-01
-4.331843926403874390e-01
7.333106533802693505e-01
-6.235033675567347444e-01
6.191185365520162076e-01
-3.071670863183495470e-03
4.203431109633097851e-01
4.732082388759076830e-01
-4.533198462177683297e-01
-1.000000000000000000e+00
7.528264447713384211e-02
-8.547649721458372429e-01
9.199622023911108171e-01
6.775485568856145502e-01
1.000000000000000000e+00
-7.837520694259501042e-01
7.688465496099619045e-01
9.102236733293758153e-01
3.042056023778355600e-01
2.226296698118869766e-01
-9.067156749058181697e-01
-1.735239659587424765e-01
5.872371387543749988e-01
3.505436104022884303e-01
1.000000000000000000e+00
6.997300197100544406e-01
-6.367371958962941836e-02
2.798677709301045091e-02
1.996107055488831605e-01
1.838016167928545608e-01
-9.857720947961475799e-01
6.742126865296751426e-01
4.374298018512878805e-02
1.000000000000000000e+00
-5.056055465278244121e-01
-3.544520437778472255e-01
-5.638347679622257580e-01
-2.105032588219613032e-02
-2.227875045799448950e-01
8.315657702031566956e-01
-1.546455791515640721e-01
-1.000000000000000000e+00
8.788296160827377967e-01
-1.314611710359445684e-01
-8.434477371345839858e-01
1.000000000000000000e+00
-2.537445215657251341e-01
5.431485778766569350e-01
-1.000000000000000000e+00
-4.500567478302657243e-01
1.000000000000000000e+00
-6.250184251303507743e-01
4.277244645250702360e-02
9.062546499721939597e-01
1.661900175015509906e-01
-5.239618296441932443e-01
8.770225138610162618e-01
5.547814166650862910e-01
3.109895395464328249e-01
7.796874295144207156e-01
1.874857297555965197e-02
2.939230373321982670e-01
-6.140614327857421006e-01
1.000000000000000000e+00
2.296915842780691275e-01
-1.967200811665321680e-01
1.107018685086089693e-01
6.593109997910995279e-01
-6.005073731258286918e-01
-7.102534181557191850e-01
-4.937985619827214845e-01
8.784755578471998838e-01
4.730453996184459386e-01
-9.646194767852618313e-01
-4.685187922032716390e-01
6.631438748833794472e-01
9.304114171615194273e-01
3.706594068238478479e-01
7.864138802197375711e-01
4.068482495780259556e-01
3.577752187876350742e-01
7.152604419097977617e-01
3.275853074585782787e-01
-1.291270984170478364e-02
6.879927103500751429e-01
6.851155190960418473e-01
-9.891513848005156762e-02
-3.777856945482859219e-01
-4.126034831285131932e-01
-2.525689674021338593e-01
4.148510044430564481e-01
-1.000000000000000000e+00
2.332759001999442638e-01
-1.000000000000000000e+00
9.273390265552136080e-01
1.000000000000000000e+00
1.743832657206505488e-01
-4.641083767836586826e-01
-4.001957015330318002e-01
3.005278389340912959e-01
-5.621437408124895230e-01
3.955085136496112597e-01
1.000000000000000000e+00
1.000000000000000000e+00
-1.128935843960987562e-02
1.942535492038754141e-01
4.891277664013555238e-01
4.281616760175815939e-01
-1.000000000000000000e+00
-6.219575938495892631e-01
-9.218336378821714305e-01
-4.362098963406509933e-01
7.870922382756848634e-01
1.000000000000000000e+00
1.000000000000000000e+00
-8.875316905061250150e-01
4.133885455133735620e-01
-3.996100519791297434e-01
8.104636785858354564e-01
-1.000000000000000000e+00
1.000000000000000000e+00
3.366085754840436595e-01
1.000000000000000000e+00
7.120731054126638870e-02
2.285134961496101957e-02
6.190284444518143747e-01
8.638335941335429924e-01
-7.867926895482335592e-01
