6.185066650647579323e-01
-3.500083007384029443e-01
2.363780675975863110e-01
-3.240959908060583317e-01
-3.985450895724914067e-01
8.865664022916717180e-01
-4.791734600354344842e-01
1.232073815494856284e-01
6.038274550758893078e-02
-3.589299921861067721e-01
1.000000000000000000e+00
-1.000000000000000000e+00
7.011187419225024808e-02
-4.683963069825515246e-01
-1.211110798390160337e-01
3.329424622663519906e-01
-1.032958113519454185e-01
1.146198775344266507e-01
-8.240810298187339900e-02
4.700253968919327896e-01
-1.788659895267434297e-01
8.261164176996071973e-02
1.000000000000000000e+00
1.000000000000000000e+00
-8.903958615704552493e-01
-4.212586322188272003e-02
6.014940813363214289e-01
7.741048520876973038e-01
6.316531929771451725e-01
1.856763919561076337e-01
4.134519596400905161e-01
9.066469195483943810e-01
-6.917765692562789503e-01
-1.000000000000000000e+00
7.176534785321850851e-01
1.638566155198994956e-02
-8.251193564520296064e-01
5.683955668956601759e-01
-1.867729585401656234e-01
-1.000000000000000000e+00
4.717767605641880468e-01
1.000000000000000000e+00
8.556363245934441863e-01
1.000000000000000000e+00
-1.000000000000000000e+00
-1.822385968996227401e-01
-1.000000000000000000e+00
1.000000000000000000e+00
-1.000000000000000000e+00
-1.000000000000000000e+00
2.062950737192501549e-01
1.000000000000000000e+00
1.000000000000000000e+00
-8.497536957528840640e-01
-1.000000000000000000e+00
-1.259372875796893609e-01
9.294381784224365894e-01
-1.106947779670099941e-01
-2.762492922311361454e-01
1.000000000000000000e+00
5.408687067405786308e-01
5.930898133972473119e-02
1.593079021793045169e-01
-8.575101541937494298e-01
-7.634388597981447422e-01
7.238171635272427906e-01
1.000000000000000000e+00
-4.926626432522795973e-02
-5.140472861197555865e-01
1.000000000000000000e+00
-7.373488070932846528e-01
-7.964397648283224607e-01
-2.565511346407937099e-01
7.386448053722645124e-01
-1.000000000000000000e+00
1.000000000000000000e+00
7.963907620049257008e-02
-1.000000000000000000e+00
1.000000000000000000e+00
-1.000000000000000000e+00
-6.469646991147346426e-01
3.460032556113832314e-01
-1.512108265886651093e-01
-9.671408544949868791e-01
-5.908785755521843708e-01
8.543044866065898635e-01
-1.000000000000000000e+00
3.305378589509992970e-01
5.829559575866432031e-01
-7.993053684599746855e-01
-1.218294013280546428e-02
1.000000000000000000e+00
-3.831421397368368620e-01
9.301853391652525893e-01
8.019238273074166257e-01
7.281824665012867626e-02
-6.844255424979054370e-01
-1.000000000000000000e+00
-1.000000000000000000e+00
2.824273360824421930e-01
-3.839339762814811818e-01
-1.000000000000000000e+00
-2.625773030259337393e-02
-1.193973532405732119e-01
1.000000000000000000e+00
8.105496180365964198e-01
-3.791831703361044914e-01
2.883659720007585303e-01
-5.920851672237708030e-01
-4.358722231526628299e-01
-4.505124050079453712e-01
4.827656814469843960e-01
4.561031655154267339e-01
6.827780017155987702e-02
-1.673111595527919659e-01
6.719706520576821385e-01
8.399617292032479643e-01
-1.000000000000000000e+00
-1.082089706276931906e-01
1.058664595070268888e-01
6.244664686172505252e-01
1.806132570565117668e-01
3.887469303588633740e-01
8.264910673332417357e-01
3.764793301980802198e-01
-4.367148297334026430e-01
-1.000000000000000000e+00
9.910323929062606618e-01
-7.885835542708194978e-01
-8.936483481079509072e-01
-2.231297346943429405e-01
4.153230222286954376e-01
-8.962050773896887979e-01
1.000000000000000000e+00
6.177905587456288261e-01
-2.447588423767421972e-01
1.908265546431351378e-01
6.070147512271453216e-01
-1.000000000000000000e+00
3.916917962235295647e-01
-6.770431614235492557e-01
3.802827484962282290e-01
9.325528931579822878e-01
-4.181007882448286028e-01
8.878782747344460269e-01
-1.000000000000000000e+00
-1.000000000000000000e+00
5.632170373165078514e-01
-2.552155412929988376e-01
-7.129010088900340492e-01
-7.944704954935248864e-01
-3.018123483041170729e-01
-1.000000000000000000e+00
5.470340840072644983e-01
-9.013501337318101658e-01
-1.404705483472081795e-01
-2.709615851239932094e-01
-6.229682743555756685e-01
-3.166088502328134879e-02
-1.000000000000000000e+00
-1.000000000000000000e+00
-1.684296982898166317e-01
-8.118594359537252281e-01
4.335670042739963037e-01
2.793015216020882097e-01
1.000000000000000000e+00
4.236110563374277382e-01
-4.821414337805773331e-01
-3.294131143286693764e-03
7.351956432236996797e-01
-9.212361233861452448e-01
-1.000000000000000000e+00
-1.000000000000000000e+00
8.782370960779337654e-01
-3.216253250379674244e-01
1.000000000000000000e+00
-3.284585040216998486e-01
1.000000000000000000e+00
3.772771469866537664e-01
-5.759124549052621056e-01
5.384268378110674824e-01
-8.933277353380473240e-01
1.000000000000000000e+00
6.197819463371943005e-01
-7.485771931009721492e-02
-8.815290359795421860e-02
7.846657817673652335e-01
5.937154698752723503e-01
-3.628971375051079362e-01
1.334091056721758983e-01
2.468045129806941684e-01
4.303604515883779902e-01
5.686059145863615605e-01
-1.000000000000000000e+00
-1.000000000000000000e+00
6.347626844547153979e-01
-8.807468770292637972e-01
1.000000000000000000e+00
5.369334297787042853e-01
8.009294376590020414e-01
8.290487799436012661e-01
1.000000000000000000e+00
8.494147254210138165e-01
5.458159992023722262e-01
-2.633762006424132940e-01
7.717816481073895840e-01
-2.578447067855173525e-01
-2.904457353107198769e-01
8.207371575023728605e-01
-2.142921525410415029e-01
5.806186379847718682e-01
-3.221434431921521568e-01
1.000000000000000000e+00
-8.073426974572212034e-02
1.000000000000000000e+00
8.531852590108710555e-01
3.153504639962984024e-02
-2.842849152575912530e-01
-6.591211464324771008e-01
1.000000000000000000e+00
-2.307069372792184270e-01
7.068446667524832527e-01
3.334861412838441286e-01
9.732276666164696444e-01
6.315456465646756001e-01
-7.359712879162912946e-01
-8.023784003143696886e-02
-1.000000000000000000e+00
7.683242978387117006e-02
-3.257626697287508977e-01
4.662404434614730864e-01
1.000000000000000000e+00
-1.255334277983011226e-02
7.670130007926515558e-01
-2.775637806095641591e-01
1.000000000000000000e+00
3.458901116938162823e-01
3.911099336834560347e-01
-9.242658685256804896e-01
6.800071435423583610e-01
-8.969794099564272205e-01
1.000000000000000000e+00
6.130443814250927659e-01
6.999036913516067937e-01
-1.000000000000000000e+00
1.000000000000000000e+00
-4.574723775843506646e-01
-5.090484523324457777e-01
2.959246178963749196e-01
-4.841749171030715893e-01
-1.000000000000000000e+00
9.104479183149001287e-01
8.291690689111610446e-01
-1.000000000000000000e+00
5.350297440444349295e-01
8.832427376149361020e-01
4.420231733283742637e-01
8.721397529552450401e-01
-5.016166596128458499e-01
-3.676461564162156748e-01
-2.072400066654789264e-02
-5.942959165771900532e-01
-1.000000000000000000e+00
2.382080615848761740e-01
-3.229386378189957885e-01
