-4.759448956749605109e-01
7.459497375772640160e-01
4.991411630597137883e-01
8.921668798441337866e-01
-1.000000000000000000e+00
-9.455920330918330396e-01
7.735971361049871486e-01
-7.966373153551808972e-03
-4.907533512216245564e-01
-8.809160965661768650e-01
2.834681089485396321e-01
3.817315290661216221e-01
-9.813114245650648160e-01
4.779827441523518683e-01
-4.663624893271556271e-02
8.785991573454317027e-01
5.597555383155068398e-01
-8.414306191254029565e-01
-8.441609699162382352e-01
-6.755717592892644952e-01
7.281371764730781848e-01
6.911281240295484851e-01
-6.584872291471405292e-01
-1.943856631994458350e-01
4.678265792522737776e-01
1.000000000000000000e+00
-2.226456742003006806e-01
8.562631530688817882e-01
-4.482067288679203454e-02
7.220861875466233482e-01
7.881401352515455816e-01
5.820611315142716347e-01
9.580737005726478461e-01
-6.195176507227715401e-01
-5.620670473719346916e-02
1.199717580314832027e-01
-9.956910220550430068e-02
5.279796409036497939e-01
1.000000000000000000e+00
2.720449080733090830e-02
5.779945497615129879e-01
-2.899608258125239146e-01
9.702034273074182369e-02
8.792209892573183971e-01
-1.851897913585365263e-01
2.673199605126846956e-01
-8.798986799695365235e-01
1.000000000000000000e+00
3.699909281854956156e-01
-1.000000000000000000e+00
-2.396949787396123188e-01
2.727672128973536170e-01
-7.601274477250770101e-01
-4.744339863479044572e-01
-6.528181836579949326e-01
7.158089269546583644e-01
1.000000000000000000e+00
-4.599823447518440744e-01
-9.907115940488326888e-01
-7.880060294495978557e-01
-4.567589930914443541e-01
4.049037902064568373e-01
-1.000000000000000000e+00
6.041378246321851275e-01
-6.355561264939652011e-01
-4.524302083352671477e-01
-4.761988908136151055e-01
4.671989911534374373e-02
1.950580335860397918e-01
8.047186571240813047e-01
-2.440359202119448678e-01
7.106660307110289621e-01
4.568740907058455036e-02
-7.625316502977996791e-02
-2.160981628162087498e-01
-6.242454108603855412e-01
2.294146582383443933e-01
-3.485557485635177866e-01
-7.968037739661385510e-01
-2.135697214025335244e-02
1.000000000000000000e+00
-8.309788053086253345e-02
9.935647844551087626e-02
-1.000000000000000000e+00
2.725745655516043087e-02
-3.243838099159402355e-01
3.901562973134160561e-01
4.388563629508626107e-01
3.032601138865473334e-02
-6.880537791764951283e-01
5.046148031118842248e-01
-1.620571347361390302e-01
-9.231973743487182915e-01
-9.561944289753845361e-01
-5.238787638646896783e-01
1.000000000000000000e+00
-5.407140888250991928e-01
-1.000000000000000000e+00
1.432309656479233695e-01
-9.408211157878390019e-01
3.916345724636846604e-01
3.514400845255535311e-01
3.371951320673360897e-02
-4.059954077575813614e-01
3.418945177053901996e-01
-1.000000000000000000e+00
5.865861480736684896e-01
-1.000000000000000000e+00
8.357580941115864137e-01
-2.671105519401237860e-01
6.559602573672512760e-02
3.724022681973782056e-01
-6.003019387412605878e-01
-6.903325412634380154e-01
-5.772919673205856306e-01
-1.000000000000000000e+00
-1.000000000000000000e+00
4.567529624690178092e-01
2.209986190124613170e-01
-7.199493051600234228e-01
-8.563602244795113227e-01
-2.116133508013161024e-01
-1.000000000000000000e+00
1.142457405701517992e-01
-4.645233081668905251e-01
7.955433716924740217e-01
-1.285230525192687656e-01
1.503111637269136658e-01
6.658618098900876969e-01
1.000000000000000000e+00
-3.963900997011809979e-02
8.282160597366003962e-01
-1.433106794999677580e-01
-6.561302521505505414e-01
-2.831741003689367542e-01
-3.616805875345699972e-01
5.469977201438503966e-01
4.631401971872693979e-01
6.679428003546822312e-01
-1.000000000000000000e+00
4.075125402857084911e-01
1.000000000000000000e+00
-1.000000000000000000e+00
-5.838663922917830540e-02
3.480642696730202879e-01
4.091395522787923955e-01
1.000000000000000000e+00
-1.691707050696923398e-01
-6.535209294041670613e-01
-7.377613178049128306e-01
4.020678115550479492e-01
-5.905982261795671429e-01
-1.000000000000000000e+00
7.991511227773651083e-01
5.809873752810150727e-01
4.337837159953641941e-01
-5.951730666198011832e-01
2.107764297202825432e-01
-2.532543482518496702e-01
8.525525973419326164e-02
-3.481376048109727783e-01
3.612017353923770435e-01
2.573088444871695635e-01
-1.000000000000000000e+00
-1.000000000000000000e+00
-1.000000000000000000e+00
-1.000000000000000000e+00
8.365595083734789217e-01
9.411840185566339168e-02
1.077033472147745780e-01
7.812189525715782512e-01
8.009814115418859570e-01
1.000000000000000000e+00
1.000000000000000000e+00
1.932290753007803730e-02
1.000000000000000000e+00
-5.410693775153655460e-01
-3.931822065503940422e-01
7.551129565000233024e-01
4.366552222138937456e-01
-5.985379112210090780e-01
3.848702640614881654e-01
-3.767764142142545625e-01
-1.000000000000000000e+00
1.948938956312567805e-01
1.000000000000000000e+00
1.914109849830829269e-01
-1.792137742202610240e-01
1.000000000000000000e+00
6.973436156828435317e-01
3.042364439270006660e-01
1.214486213905585643e-01
5.788423582175452609e-01
-1.511814561243104427e-01
1.000000000000000000e+00
-3.871724253084785072e-02
1.000000000000000000e+00
9.939691120622446974e-01
2.787436406075785578e-01
-8.819289726183420219e-01
5.851239366757909899e-01
1.357368313954484540e-01
-1.843286148671740010e-01
-2.059580738046781212e-01
-4.406737490829639725e-01
-6.983135684169188284e-01
1.000000000000000000e+00
-2.347305308291010584e-01
-6.819642808354294816e-01
-4.845301933594289290e-01
-1.000000000000000000e+00
1.000000000000000000e+00
1.000000000000000000e+00
1.000000000000000000e+00
1.000000000000000000e+00
-3.800500796017831640e-01
6.053657119779465301e-01
7.272438485694754373e-01
-4.553876922095192459e-01
1.000000000000000000e+00
1.000000000000000000e+00
3.091157135510895770e-01
3.018077192237916817e-01
7.054099547729431041e-01
6.203677970141598941e-01
-2.664649190901098308e-01
-8.576721178199397944e-01
1.000000000000000000e+00
-9.967830684653407047e-01
9.482816133701081895e-01
5.090612611380062047e-01
1.749663918542176955e-01
3.136867799597773399e-01
1.000000000000000000e+00
-1.613694584572474278e-01
9.818880329297958731e-01
8.995869423439621926e-01
3.422974697277438860e-01
-1.000000000000000000e+00
-6.914826955489835614e-01
2.630271632776449153e-01
-2.102878076063414148e-01
-3.743845143036558243e-01
6.804500876596738523e-01
1.000000000000000000e+00
5.869480435963260190e-01
-4.621209488371620933e-01
-1.000000000000000000e+00
1.000000000000000000e+00
-9.454397005053942760e-01
-7.636515337264937475e-01
2.703672503375106340e-01
5.592841787433695533e-01
4.562215798381491494e-01
-7.009621371201087969e-01
-3.742889931533183723e-01
2.798246082369155729e-01
4.514003484931113919e-01
1.000000000000000000e+00
-1.357968212740939262e-01
2.730779481633771599e-02
-9.188685117258632573e-02
7.764094611748713071e-01
8.092452986523609448e-01
1.000000000000000000e+00
