-4.077638646692880453e-01
-1.000000000000000000e+00
-6.508850838107260728e-02
9.114139601494122278e-01
5.933123095402723646e-01
4.988907991633812489e-01
-8.897794048396213684e-01
-5.951361980043753386e-01
-1.373087254975458027e-01
-3.898576095854819346e-01
1.794139123173446593e-01
-3.911233168495644175e-01
1.826602222678312681e-01
-2.867762421657047422e-01
4.373472670552728259e-01
-5.305904959756713168e-01
1.219907192338012814e-02
-8.335943237132834582e-01
5.469300739497444663e-01
-9.503181643566414039e-01
-1.000000000000000000e+00
-1.000000000000000000e+00
-1.000000000000000000e+00
-1.000000000000000000e+00
3.446097858348909915e-01
1.294982077110223284e-01
1.496512985637773741e-01
9.463634056564160790e-01
1.000000000000000000e+00
8.354387954594091892e-02
1.686276207194044030e-01
-1.604768708663887600e-01
-2.390719779966543612e-01
-8.613066524055631445e-01
-4.576033169988978355e-01
-3.557530195014692587e-01
6.254411216655249017e-01
-3.558770020471211382e-01
-4.944038452276446338e-01
-2.580250160031055673e-01
-4.215566449514135394e-01
-2.978399637629502994e-02
1.000000000000000000e+00
1.901152043631550437e-01
-4.560167759635154194e-01
-6.711521272346008260e-01
2.512038416743327396e-01
8.170485102509670305e-01
-1.000000000000000000e+00
-8.229434572694158678e-01
9.328959298799563982e-01
-9.289764632731736249e-01
-9.958465589762692804e-01
6.681555378286360147e-01
5.117633459807564567e-01
-5.396704810641592687e-01
4.108422428359406187e-01
-5.343278139645444291e-01
1.000000000000000000e+00
-4.954228229122217275e-01
-8.001526896910653441e-01
9.681067986927082147e-01
6.750623029813780374e-01
1.973569707609515167e-01
5.812987541531049462e-01
5.163382079645724154e-01
4.661431498220223180e-01
2.687042679672381751e-01
-4.285593332680346923e-01
-7.396667115497032041e-01
3.288274985135239414e-01
-1.000000000000000000e+00
9.957469289938849499e-01
-7.733175962318434848e-01
1.000000000000000000e+00
-4.730499944118100597e-01
8.371601765818069696e-01
5.482254536998356631e-01
1.027798881723633873e-01
3.219178702633833655e-01
1.105437391800589975e-01
6.922746729530024901e-01
-1.000000000000000000e+00
-5.868290230873944857e-01
-2.486648866003809688e-01
1.776784217911138164e-01
-8.642668919426022001e-01
-1.000000000000000000e+00
-4.641439856857117463e-01
2.021423709884994091e-01
-6.697595080031926162e-02
1.220265057756859672e-01
-9.061687779960192479e-01
1.000000000000000000e+00
1.000000000000000000e+00
2.984212227977903753e-01
-1.000000000000000000e+00
-7.855845461839749966e-02
9.869128943750473670e-01
1.201172924962809474e-02
1.018037687466380598e-01
-3.220142149265102782e-01
-1.981951495567152444e-02
8.923116689621297670e-01
-1.000000000000000000e+00
1.000000000000000000e+00
1.606297559733071978e-02
7.129795854744457317e-01
6.491681251330474467e-01
-7.105561713930874657e-02
8.766135580251290804e-01
1.775100788908101634e-02
-3.603282016491358708e-01
1.000000000000000000e+00
1.216233209545607430e-01
7.367400813136462667e-02
9.773001875724416365e-01
-5.197214477847981184e-01
2.574460876472733917e-02
8.309674585772779398e-01
1.000000000000000000e+00
-7.728689507498068822e-01
5.012862307645972182e-01
9.574180892949868404e-02
1.008094963243045677e-01
1.419885652045764501e-01
-5.834745755721829630e-01
-5.031602007016439115e-01
2.330632229678439304e-01
-4.876655355089297705e-01
1.000000000000000000e+00
2.872976704978664197e-01
-3.744434104454299472e-01
4.272728590011953820e-01
1.065453120570621776e-01
1.000000000000000000e+00
5.075543592539156768e-01
-7.495461700280638961e-01
-5.558588492017350058e-01
2.350508812094893873e-02
4.801376538059236587e-01
2.413370947969867564e-01
-1.000000000000000000e+00
-5.980316129040046391e-01
-8.184442790862180850e-01
3.309443183723725923e-01
8.075446491873385924e-01
5.275769122780074039e-01
-3.401806144889514272e-01
1.000000000000000000e+00
-2.813867308590153327e-01
-1.875826950239835589e-01
-3.356480978083200561e-01
-7.633687184527787606e-02
1.120227186793629759e-01
6.424726071421118512e-01
1.000000000000000000e+00
-6.600534615939832594e-01
1.715237490322030212e-02
-6.217176243311434147e-01
-1.000000000000000000e+00
-1.000000000000000000e+00
-1.000000000000000000e+00
2.753073946803911709e-01
-1.000000000000000000e+00
7.299073045108845914e-01
-6.580036318686323105e-01
-3.722485179009322742e-01
8.932272600965203146e-01
-7.234131032124633265e-01
-4.684547808409743608e-01
-2.235789505992969717e-01
-3.507228291762967687e-02
7.857537559281926320e-01
-6.247221037381150976e-01
-1.000000000000000000e+00
-6.829687615695558822e-01
1.000000000000000000e+00
7.297404972028687098e-03
1.000000000000000000e+00
-6.015305661950746119e-01
-6.030523908317733106e-01
-8.249978513995041007e-01
8.014028607061324250e-03
-7.599368517093632036e-01
-2.650438423467169624e-01
-9.247333810741349414e-01
-5.004477883433879892e-01
3.655520499071229779e-01
-9.242629422401096306e-01
-5.637471539482066252e-01
-6.827168475475416942e-01
1.000000000000000000e+00
7.746359766427133309e-01
-1.429464176307690959e-01
1.114709484067726852e-01
-3.598320702895450030e-01
1.000000000000000000e+00
6.479970813703819221e-01
8.566800126186229214e-01
-8.746176369929232752e-01
1.000000000000000000e+00
9.976754431000123269e-01
1.000000000000000000e+00
-8.733654476039770520e-02
-4.115467277081280573e-01
-1.000000000000000000e+00
-5.602452792298973083e-02
2.881475386533538519e-02
1.000000000000000000e+00
-3.400897456395817198e-01
6.822213063295926583e-01
8.223251397518481776e-01
7.309060955984435504e-01
-1.759587940202806955e-01
6.651281012444829610e-01
1.000000000000000000e+00
-6.918354266697052113e-02
1.702364679701495742e-01
-1.466282831484223559e-01
1.000000000000000000e+00
-6.638465739674994648e-01
8.797827473552787270e-01
2.348101798735517387e-01
-1.160372855845710205e-01
3.992842667696933079e-01
-7.478800137907524181e-01
-7.080177196792334371e-01
1.760419319148893713e-01
7.801954536007493779e-01
-2.957396962911917893e-03
-4.435497671703818590e-01
-3.810320741166952074e-01
-1.009869666812924782e-01
3.394492597553124824e-01
3.842915440561204821e-01
1.000000000000000000e+00
1.652568364697375447e-01
7.422440455827394867e-01
2.157776733688856474e-01
-1.000000000000000000e+00
2.141324970542216044e-01
1.000000000000000000e+00
6.539193895488040198e-01
1.000000000000000000e+00
1.000000000000000000e+00
-6.770366632170039534e-01
-9.067389749317983361e-01
-1.000000000000000000e+00
4.573841352228621426e-01
-8.092002640725673990e-01
-2.946520140343942273e-01
7.947429329279651067e-02
5.535869092191233465e-01
2.953490366677838375e-02
7.553499373582579501e-01
1.000000000000000000e+00
-1.417081526397868663e-01
4.563281784937286978e-02
4.045872018032097284e-01
-7.786320642480401011e-01
-7.686499824109496171e-01
-9.224120506970391320e-01
-4.460778802706124591e-01
3.372020142159199985e-01
