-6.827453212905032487e-01
7.009886786075083531e-01
-5.306311713633531379e-01
-5.546090565339956147e-01
5.542408596234862372e-01
4.710363180889745038e-01
-1.027285702515936539e-01
-6.074367738128740868e-01
-6.033235436798585205e-01
2.764962142400348988e-01
5.873339022120824815e-01
-7.022134663776322672e-01
-5.076071066036262902e-01
6.296288717900511145e-01
8.670340391969149074e-01
-8.031230298928804245e-01
-1.439758707563303375e-01
-3.618112333933944935e-01
3.965391963166513545e-01
-5.090886720535703347e-02
-4.746505587378115898e-01
6.191309060565579614e-01
-1.076518528250594020e-01
-3.262650257655397290e-01
3.310992087878914525e-01
6.541966750917400653e-01
-9.638780583072681374e-02
5.519184549632234482e-01
9.191436018273440034e-01
-5.973677651982989278e-01
-7.679356980084452999e-01
-2.053731922370016783e-02
6.490584946026671798e-01
7.180485741793118937e-01
2.469327992190089027e-01
5.862268257336200605e-01
-8.807036562419972014e-01
8.166561254427018302e-01
8.387386697258827351e-01
8.656849909212658289e-01
-5.285888892106098691e-01
-2.106014922124406219e-01
-1.953010556267105180e-01
-1.446480369477687322e-01
6.531187071435626823e-01
3.571670701633469225e-01
-5.474839916033849008e-01
7.868670274678020160e-01
-5.524139549035644858e-01
3.076543391859944965e-01
3.520181722277841985e-01
5.210300510405070362e-01
5.088553947408289702e-01
-6.336343574147063062e-01
8.752674045055084395e-01
-4.170632497934052552e-01
9.474674923961747819e-01
-3.267617171294547873e-01
4.227836446111350455e-01
-3.670245087042014465e-01
8.843780327119532547e-01
-6.775635560630497434e-01
-3.113532365293574244e-01
1.743918392921983695e-01
-3.346479247213955954e-01
6.173990428939131192e-01
1.040486861676364061e-01
-3.466213154704544941e-02
6.288117332074953936e-01
-1.492279622743328815e-01
2.130767642699873399e-01
7.470614043688124095e-01
-1.326841162223670878e-01
-9.751336936014649570e-01
-9.634536388822327879e-01
3.297929676497712848e-02
7.356901882327495645e-01
6.066889942701658711e-02
4.111933317136229338e-01
3.167869401222300763e-01
-4.893476063122983444e-01
-4.308762368775542750e-01
-3.454513591198480338e-01
-4.162069887529955547e-01
-7.656508065162268561e-01
-8.939080075706367090e-01
1.895689502075059707e-01
1.259038969225296789e-01
7.712838874574790005e-01
-3.193508614048818917e-01
-8.261566528714323621e-01
8.933112283031805489e-01
-2.584707635852534491e-01
8.109681011799332317e-01
7.073967826192180119e-01
2.342483327475235466e-01
-5.360486953861667292e-01
1.112729751411445367e-01
6.413725372012222259e-01
4.936134061957959673e-01
8.416560275955931036e-01
-8.427355248089181128e-01
8.763818898871196250e-01
-7.518606590123506628e-01
6.045895374045429094e-03
3.014824818628087932e-01
1.649092918793075846e-01
2.987825770253325075e-01
-3.318897352118381772e-01
-4.561483955238123666e-01
-4.213798122999246054e-02
6.113278781592865752e-01
-8.738619589041682900e-01
-8.246077470967509981e-01
6.520826982943261907e-01
9.509714876032775432e-01
5.128992618235375112e-01
9.252541215451814960e-01
9.423290005844737749e-01
3.832277831918040611e-02
-8.395542328838230262e-01
7.094138255867428189e-01
7.625767240705931815e-01
1.458302810695777385e-01
-1.444693664336929029e-01
7.939048455241739521e-01
9.021403461324393191e-01
1.832967138498140525e-01
7.319161755343730480e-01
3.646733989321189195e-01
-9.108683683343048454e-01
-4.082265354406320323e-01
-8.082849632803938977e-01
6.373039547032426366e-01
-7.597042453536788642e-01
-4.875594703261048046e-01
-7.688417304134909092e-01
-4.423208288657662912e-01
-4.669370342136212049e-01
-5.874925519393714435e-01
-1.404639959614533140e-01
-5.586537676400320507e-01
3.398855385589059086e-01
2.030353066305881082e-01
-2.868535914540950582e-01
4.903142094108494664e-01
-2.190810286688071873e-01
-8.879627095770028511e-01
1.242412069475264946e-01
-3.434444701473569062e-01
5.857744359636818388e-01
-8.573438770850159152e-01
-9.134676773862664412e-01
2.696805781132654012e-01
-1.361847876314508099e-01
-6.993684344736161851e-01
-3.007541145242411673e-01
8.051329740211881081e-01
5.074407790814663421e-01
1.799570847319824640e-01
9.904069890490740935e-01
4.811837459872259082e-02
4.970120180493218243e-01
-8.711540578921002087e-01
7.255305159854124053e-01
-9.032366470933381741e-01
7.132680441290664142e-01
-4.817468056385445507e-01
-1.183592694715784877e-01
-3.691648787470380721e-01
5.442582239360491680e-01
7.215581528678645107e-01
4.887754204775298650e-01
5.780034198365013864e-01
9.134033881427248147e-01
-9.690757453023928214e-01
2.060245117290855354e-01
-2.516330366762660198e-01
2.377450006653700765e-01
6.258728355429739043e-01
-2.252088213016776308e-01
-6.453571710292858032e-01
-5.258045779729565439e-01
-7.758197889117477430e-01
-8.724111418899624937e-01
-1.895738746058526214e-01
4.600813818204478878e-01
-5.517015529982178812e-01
7.563651693199731074e-01
-9.751976280346319470e-02
-7.476063958435883450e-01
-9.847208895194601297e-01
-2.685579166734988199e-01
-9.309943713897546047e-01
3.369450535251505841e-03
1.666836578839592242e-02
-8.797865574416265932e-01
1.014231189538232769e-01
9.766345880183682215e-01
3.209066848331265653e-02
3.035868095401990097e-01
1.236811538483948425e-01
-5.048115886623882886e-01
4.141461503187899851e-01
8.023354618225904122e-01
-6.395599432994338862e-01
-8.191924071614593572e-01
5.297243541478808826e-01
-9.267200977976146614e-01
-2.196142494966037972e-01
-8.672003253815536716e-01
-5.487106027017123466e-01
4.245297047294465109e-01
-1.650200008967348531e-01
1.593246037637545687e-01
5.936751592108850950e-01
-5.346212887602905806e-01
-6.190148483239259480e-01
-7.264410366294289378e-01
-4.504648058891014273e-02
7.534568961599137360e-01
-7.260436358047732686e-01
5.377063127381986885e-01
5.338943487589151715e-01
-4.051475099109602684e-01
-3.011405254374239782e-01
3.147129605740226488e-01
-4.635742028491043332e-01
8.777670797506251787e-01
2.444628340157635193e-01
6.301008657574944660e-01
-3.377148671412286696e-01
-3.359535121044339157e-01
-3.839960025388782228e-01
9.316987046598919076e-01
-9.779080546973497601e-01
-5.432414033686907562e-01
3.906409661022947066e-01
1.397687812180501421e-01
3.201067391466778655e-01
-9.427637000355573171e-01
2.356160565931160189e-01
-6.712207576321855829e-01
1.545938416220880018e-01
5.759943294773770539e-01
-8.166376555392860226e-01
-1.940958263266456818e-02
3.409529406933060613e-01
3.165974237162660909e-01
-9.711451313722492262e-01
-8.956528383302615470e-01
8.171604237873513199e-01
-2.120834395816399987e-01
5.298883159789347097e-02
9.365143970117209005e-01
-1.443882231434217012e-01
9.028457205868023472e-01
9.408590190825087962e-01
-1.001868636404443791e-01
-9.301058377250570608e-02
9.729820392075292368e-01
2.018766912842517858e-01
1.992566152073798058e-01
-3.550129511400723636e-01
1.145193933143051623e-03
