2.769850217226754729e-02
2.420640193018483988e-01
1.307092533553420033e-01
-6.068868013402599626e-01
-4.707268771477877145e-01
2.772430475705038866e-01
6.754201995702016070e-01
3.845530002335701969e-01
1.955045727553612611e-01
-1.502167007615522465e-01
1.813682250053949563e-01
-8.234691251744061802e-01
3.313853416264578300e-01
-5.144402849569058578e-01
7.262177271510528165e-02
-6.785260287399423884e-01
7.374205814116217006e-01
4.535629794766931067e-01
-3.057569704871090366e-01
-6.220112221078157866e-01
-7.173077233741249614e-01
3.231095394516851904e-01
-6.538727814277427441e-01
2.762771057720221357e-01
6.632923431726407415e-01
4.871721561307300608e-01
3.698956036012157611e-01
-9.152790238883274920e-01
-4.789596169319232377e-01
-8.122453866238641407e-01
-3.067208032625252656e-01
9.600943416453777690e-01
1.994120391033953332e-01
4.982788972080820500e-03
-8.784439615787607014e-01
5.521188770182039462e-02
-8.427959535861122564e-01
8.996663619882050433e-01
-3.500815853761962693e-01
8.296246139442358114e-01
-7.852022626137278305e-01
4.785389927891214867e-02
-2.046121230849833328e-01
-2.588655497436751496e-01
2.899924359305150467e-02
7.620306141471269168e-01
-1.503424457268862646e-01
-6.033645415485515695e-01
-9.140726135109855655e-01
-4.536619095613720898e-01
5.713201229325821640e-01
-6.685812447799157621e-01
-4.221200398323983194e-01
-8.999292893179433594e-01
3.970876274803498696e-01
3.476346717725886659e-01
5.544545439524179997e-01
8.884844707948882370e-01
3.629398242506316485e-01
3.435766996947851037e-01
-2.908844405707402547e-01
4.438618030483076904e-01
3.081936405624352560e-01
3.534370971346079138e-02
4.301476796336394237e-01
-5.768172034271419335e-01
6.867656433711242236e-01
-9.512992241851032649e-01
-8.007723458812443518e-01
7.315969329902809459e-01
-6.606468444232760362e-02
3.505235647544966415e-01
-6.438214374859176914e-01
-4.230713338016931502e-01
4.435766468262494211e-01
4.261423603639493685e-01
-7.990038255784885912e-01
8.416550513717078186e-01
-9.329956511936607910e-01
9.182894044752163420e-01
-2.905809119028770482e-01
-7.786547094467235475e-01
-5.339510892992360702e-01
7.461529900626067136e-01
6.811033619144366558e-01
-4.898225085933147760e-01
2.124221635187897306e-01
4.725245795549171124e-01
-7.222525151777656749e-01
-2.841924096691617052e-01
-4.870776680113866330e-01
-2.569092214233597016e-01
1.635134825177144702e-01
-1.358287266512503422e-02
5.122239446540215457e-01
-4.111511588563454556e-01
-6.211256865730758747e-01
2.487608717965141825e-01
-8.824711791890371693e-02
7.279297892481639831e-01
-2.013007052578039691e-01
5.954335069316236684e-01
-1.020329147608722842e-02
-6.047734639484139141e-01
8.054323656080109028e-01
9.044503545364650510e-01
-2.529140127302396124e-01
-1.549242272626907280e-01
-7.383330829471452805e-01
-8.676989901864766708e-01
-7.869598864263818161e-01
-5.007300791219855274e-01
1.587345668398594256e-01
-6.520088403463653037e-02
1.194877471409971914e-01
8.384269944004663078e-01
-4.617990670937770492e-01
-3.830698082384342840e-01
-5.748188943986063393e-01
5.672296545915520571e-01
3.975378083377989480e-01
5.293254467046599743e-01
9.961791783649029952e-01
9.084428040224823420e-01
-2.338688371225972062e-01
5.121551591416473315e-02
-5.700372051795046247e-01
8.887969437773317605e-01
-6.022000385564050262e-01
-5.478279363282443359e-01
-1.649096838232011475e-01
-3.341226603018623287e-01
2.045476903213312436e-01
3.544038704338376977e-01
-4.845444814604367156e-01
3.884008065039079582e-02
-8.763070712828335829e-02
-9.649146205826311107e-01
-7.966566200714200185e-01
-7.999192662286320754e-01
8.122863142124205904e-01
9.052430192141349696e-01
-9.300937869584211537e-01
-3.378306119182916678e-01
-5.888391109402024703e-01
-9.114271059694178945e-02
-3.331680192896768755e-01
-5.909150681421886375e-01
2.875427130682328691e-01
6.931319706071716880e-01
3.548125655957294899e-01
6.285207641439065629e-01
1.109239854625010402e-01
-8.961469885960562376e-01
2.963436829966161756e-01
-6.365493083394293539e-01
1.418196814187475674e-01
1.457907309055055389e-01
4.294465747112961029e-01
-6.503296660398225626e-01
-1.287345231163976589e-01
-9.062558257612836066e-01
-5.585211630375090941e-01
9.296795659043539661e-01
3.032367751748112905e-01
7.509298553307819368e-02
5.714577887120539934e-01
4.652487230289428233e-01
-9.412443086831741024e-01
-3.357716820732143947e-01
-2.952564795447643053e-01
-1.482574683523441017e-02
3.839113392385984369e-01
-9.200823703469733772e-01
1.798827404235179284e-01
6.642617330638596052e-01
-1.142915117532399272e-01
3.805084485766661029e-01
3.796706572404309199e-01
-5.014423949506299216e-01
1.619464603147284798e-01
9.037189131236440520e-01
-5.941747227188520775e-02
-1.485232889674894530e-01
-9.778119088735988118e-01
-8.793467951187874387e-01
9.985896640294404936e-01
3.318097773437467257e-01
-2.921116582994993660e-01
-8.910004774172837205e-01
-5.014678916385322260e-01
7.224096720674453298e-01
3.510074768583602012e-01
-3.350858450828053670e-02
-1.350179775245439195e-01
6.485918885289447822e-01
1.376381701451749873e-01
3.379164961395026978e-01
9.933455716255692458e-01
-6.850733393179426756e-01
6.526560239028174060e-01
-7.957521691629310112e-01
1.197938652873964394e-01
-8.916079713658786599e-01
-2.140327979928524638e-01
4.737500736546302882e-01
-7.596975196587814061e-01
4.295353538980686281e-01
3.583122885172838057e-01
7.215036393386726754e-01
8.052534803982664968e-01
3.123610968457799508e-01
-1.252067356415704769e-01
-1.979618856371367919e-01
8.445008617219782465e-01
5.646760488070978745e-01
7.972702598313625710e-01
-1.908893034675662737e-01
-4.726347407607096596e-01
7.227516404514242598e-01
3.686951408146497133e-01
-6.784414745957245696e-01
3.662407137326288975e-01
-3.866643484694936017e-01
9.060030141636086221e-01
6.368929467967254787e-01
-6.133072591296127030e-01
7.623407230410439439e-03
-4.401290881674411182e-01
1.289523653570294748e-01
-7.497979185589449536e-01
8.481806659219808253e-01
7.449020575368308084e-01
-6.628012279993915623e-01
-1.406862954649930053e-01
-2.411577923236167820e-01
9.183695831591698333e-01
8.771689603802212964e-02
8.485128170344933274e-01
-5.064648514180309924e-01
-8.538389520483713468e-01
-4.119439274371772264e-02
4.538825334739104989e-02
4.523396895741769175e-01
-6.815338664208427932e-01
-5.410368934821987441e-01
3.157762907025432053e-01
-5.938612293451386304e-01
-3.950633873531819162e-01
4.694008462009009452e-01
-5.723238038731004451e-01
2.101451773262890121e-01
1.239581884450158267e-01
8.967341516356621689e-01
-2.558001782542034253e-01
4.300883491401512604e-01
1.126671313420961607e-01
-3.531107752904414365e-01
1.255314933758067131e-01
4.270728509726990918e-01
3.254609597870885551e-01
7.097857688020845490e-01
4.910961710838581684e-01
3.977223313735507304e-01
7.971425367496431935e-01
