-5.374916528840989471e-01
8.017039026314645156e-01
-1.679586908777297438e-02
7.438165514479484486e-01
-4.245374274888495947e-01
-1.995966052239899202e-01
-8.032888800501534199e-01
-9.215465236800488569e-01
-3.195546717937252090e-01
-1.285699710869248058e-01
8.087865299508456562e-01
-7.089841718895961709e-01
-6.045585152841308485e-01
-2.547879983249916602e-01
-5.804364263460539686e-01
-1.763118713261926374e-01
-1.405362731207917548e-01
-5.209826710189295884e-01
8.622210052534828861e-03
8.472620206048588898e-01
9.957410894759144426e-02
-7.640054678908334562e-01
-4.394128690207190768e-01
-6.615358630486145586e-02
6.192925985654313958e-01
5.736430970949055741e-01
-6.329891308140811468e-02
8.879566966986029986e-01
-7.815740244312130436e-02
-7.237041839310813796e-01
-5.718633473366021569e-01
-1.351392927895149754e-01
-8.393939133077497061e-01
-5.214284610101671547e-02
5.082978126833046506e-01
3.776391315484683986e-03
-1.052308438894729026e-01
-3.906532372605513448e-01
-8.075777752441823942e-01
-3.396487568154711312e-01
5.972547425778296226e-01
2.469899193711824203e-01
-2.528583997858524501e-01
7.478246951981060153e-01
-1.395963914241253878e-01
1.523326031074123676e-02
-9.186239955442969674e-01
3.997841786670872644e-01
4.475910391371606956e-02
-6.325876012574331853e-01
-4.019757730883894986e-01
2.721589130061012884e-01
-5.770841490528402229e-01
-1.053912047051337453e-01
5.333881091257741680e-01
9.847954851818885302e-02
-7.247950884991645193e-01
-6.617905979941116623e-01
-1.602424411442602281e-01
-2.123981553701272951e-01
1.312271383567167327e-01
2.308381653623374774e-01
-3.566316003612219898e-01
-2.827879397185424359e-01
7.516266854428734767e-01
4.160043429256283787e-01
-4.510242400241337712e-02
3.196149226763773665e-01
8.407186953104044402e-01
4.737651136491549675e-01
4.290510426311766601e-01
-4.973615243797755436e-01
7.170784280412239031e-01
-8.026724035885333119e-01
6.451091981845087364e-01
2.554037312205990062e-01
8.888400932000879440e-01
-5.172548967757497618e-01
-8.247388912464272970e-01
7.842678892392760392e-01
-5.604633602515132207e-01
-1.253712528374710811e-01
-3.508216443512128802e-01
-7.417788793461794761e-01
-4.385263420367526699e-01
-2.665906121423835540e-01
4.117627929449549917e-01
-2.550938371746125366e-01
1.844919292334852301e-01
8.971562753454966899e-01
3.393661499510949309e-01
-8.969032955157918430e-02
-1.156194715709839560e-01
-3.004988414373399586e-01
-4.575517263286252856e-01
8.846251203645345562e-01
-2.933105134637818967e-01
-8.044208465087212545e-01
5.617367588199175810e-01
7.324141993770165726e-01
-2.208291850658441469e-01
-9.138827966357330190e-01
-4.696708500986255252e-01
-9.497555504645101010e-01
-3.924710045994090901e-01
7.963458306742345894e-01
4.819898261958055485e-02
4.861001090583250139e-01
-6.484214083504034054e-01
9.895897514279712315e-01
8.786138054494871952e-01
-7.447035289951364767e-01
-9.904504505449747143e-01
-4.292392733279435380e-01
2.550244316200185324e-01
-9.003365651310228923e-01
-1.747173874427048190e-01
-4.345376210212534840e-01
4.035875493607283815e-01
7.822901836382456509e-01
-4.995442843796089605e-01
-9.181156587135637093e-01
5.304490104663337480e-01
-9.198205248681552426e-01
-7.480143199142568200e-01
-1.946781190192941047e-01
9.402879157674060018e-02
7.658733235695058816e-01
-4.979446312063411373e-01
1.537656697282341334e-01
2.136548985805155620e-01
-3.653705323313971576e-01
-8.033767139928964518e-01
-1.972084800084337175e-01
-4.054224196273883418e-01
1.406774337626570670e-01
-1.668017132329424612e-01
8.051627540895394120e-01
-5.628916642321339925e-01
3.801560514694133364e-01
3.780036897409493335e-01
-8.633053144517075506e-01
-6.430666467851064994e-03
3.686465024263723134e-01
-2.297055639579050901e-01
1.632330470893081920e-01
-4.320402380021157729e-01
1.833664295413317546e-01
-9.530067527653101056e-01
3.357804468664760122e-02
6.553102521242399892e-01
2.856372930598964910e-01
-6.357872743678527616e-01
-8.172376296061558687e-01
5.640631456178586411e-01
4.775798649693017150e-01
-8.583448073515054233e-02
-9.571820944814746213e-02
-2.861359247885260082e-01
2.039496460115031162e-01
7.359835728409396260e-01
9.443358386799671766e-01
-1.750830661249609399e-01
-6.423713683814609166e-01
-3.550918360109633909e-02
6.762244892806725804e-01
-3.473837657309839511e-01
9.616260529680764613e-02
1.239286154889083225e-01
-5.539020363740605468e-01
-5.565813747068821815e-01
2.908257452344917837e-01
-1.073942297702381587e-01
-8.955881349458940655e-01
-1.424760205383817091e-01
8.665230284340559308e-01
4.741105536948937438e-01
-2.962793110032497790e-01
-6.101080630474611244e-01
-2.313841921728332363e-01
7.918606189890819991e-03
9.795172478795659554e-01
-2.874420906435015688e-01
3.906563569969621064e-01
-5.241579293135747442e-01
-9.288801330839917547e-01
7.378667741869717744e-01
-4.151148471924044348e-01
-9.486505546040993053e-01
9.305954287631754696e-01
7.723726655419560494e-02
-5.214202460024863761e-01
-6.549576736526134813e-01
8.850209413580318873e-01
-6.205905566157450259e-01
7.609588265365123672e-01
5.068313064609748508e-01
2.621568588772009711e-01
-6.324184924870606128e-01
-6.337822025274468807e-01
1.951445082059761749e-01
-3.733979639620836899e-01
7.422959896509362387e-01
8.040519849386196238e-01
-4.760776164405644550e-02
-2.123550079865026419e-01
4.167880853824876830e-01
-7.223468359681168849e-01
-3.114690997273881212e-01
-9.344341525975881080e-01
-6.160014927473720370e-01
-7.917320019209266313e-01
7.523727102812927114e-01
9.594379968876569631e-01
9.691369713304236466e-01
6.284774007917635075e-01
-1.455666328603735238e-01
-5.012194003292218536e-01
-3.136319723182132702e-01
8.598814933336498267e-01
-7.524130327641116445e-01
-5.537041634881596508e-01
2.180442401083320103e-01
9.666575371624692714e-01
4.222808992843241072e-01
-2.124067167562009306e-01
-2.297689061763124041e-01
-9.427797805991151581e-01
-8.701441220192756010e-01
-9.316461076113544681e-01
7.022385703342222119e-01
-2.442214541687073304e-01
5.933701259989554444e-02
-5.844956562072030071e-01
-2.680920519430887161e-01
8.217876313324383730e-01
8.683986319328680370e-01
-2.455474186070261133e-02
-5.915082158740212481e-01
-2.647132628117239150e-01
-7.980433216607780711e-01
7.864510957754373699e-01
1.162513225403500883e-01
9.155463780502748339e-01
-2.743157524703900840e-01
-4.786650596918451406e-02
-6.239120802968496360e-01
-1.902904363439774649e-01
3.982691939401512560e-01
-8.522458825235188495e-01
5.043331901992267330e-01
5.520103284020143608e-01
-8.701871132460166081e-01
9.208016995304215691e-01
-5.446738021684314202e-01
-9.434483538281197568e-01
-6.292472360881959936e-01
-6.331240687261374678e-01
-1.022894564202208034e-01
1.491872133597871297e-02
-1.340246464432894857e-01
2.092038852916577873e-01
-4.873671578880531818e-01
-8.342238627807394558e-01
8.675227524719750782e-01
