-9.619564775991995553e-01
-6.986545544119235895e-01
-3.951944861227836281e-01
7.257686420359015234e-01
-9.044844628558952326e-01
-3.807407382373757532e-01
6.522559004117951531e-01
7.272361515049741154e-01
-9.157745727393631352e-01
2.304363736833685561e-01
-4.413602695292972999e-01
-5.289297251212892181e-01
1.641504287683543950e-01
2.052144922515146686e-01
9.464814140194621750e-02
-4.914065303116854633e-01
1.924113423695181790e-01
5.628049095401022051e-02
-4.491292562186994797e-01
-4.228006738183465174e-03
8.095541013734761648e-01
3.108064666433276724e-01
3.135242420329469315e-01
6.325804093881397527e-01
-5.990117429768195834e-01
6.695561130895213431e-01
5.294657497439765326e-01
-6.368378039302249327e-01
-4.844664005830936482e-01
8.097066210234309391e-01
1.976139672871091157e-01
-6.690930211882655243e-01
-9.401484024820361274e-01
4.537320256863421886e-01
-3.496751808330442746e-01
5.497570564798450743e-01
-8.251533935145032306e-01
-2.765158413086028499e-01
6.499497597508698821e-01
-1.031998170698646966e-01
9.336564622645651124e-01
4.306114457294134557e-01
6.199837538086672151e-01
-5.807159157586971876e-01
3.958843250248877954e-01
-6.695678241730078639e-01
-7.820195967267635773e-01
5.591212856385507912e-02
-4.211839557510530518e-01
-8.708015786382574674e-01
-3.971822953044767956e-01
3.846569802161112772e-01
-2.582644002877392264e-01
-8.713885085023416188e-01
8.344824487549151737e-01
8.250411284244871801e-01
6.602593650899584166e-01
5.749747164797116561e-01
-9.071917200982448914e-01
-4.103556192166981642e-01
3.641450613950831805e-01
2.115133245521105820e-02
7.044800905198900232e-01
9.387830025048153892e-01
-5.580866446627799071e-01
2.387829234816996049e-02
-5.874284459730880759e-01
1.085523513101351867e-01
-9.292804239274690126e-01
9.188254917821181422e-01
5.453348438740059922e-01
-6.668135233424536956e-01
-3.467530177910025380e-01
-3.522588681781804176e-01
-9.003611212822226761e-01
5.247762329122975800e-01
-8.587229910353622042e-01
-1.648474184169743673e-01
-6.946298569798581291e-01
2.156894038259751234e-01
-4.798503632122192997e-01
1.523116916446081159e-01
1.050230718735598590e-01
-9.880110390374921003e-01
-1.490390060624731117e-01
-5.870821682362321603e-01
7.430455222643432833e-01
-7.778119334962163567e-01
-5.937110582228810607e-02
3.643897427308462333e-01
-9.018043074082464639e-01
-9.784680592729095849e-01
6.731877021504142355e-01
5.557805247351315092e-01
6.644095290292884037e-02
-2.505195531614716753e-01
6.395320943872198072e-01
6.222587137150421555e-01
8.125321719342450955e-01
6.556156515284290442e-01
-1.270377400346718311e-01
-5.595288024512956593e-01
5.947747063628905373e-01
3.837797382971144255e-01
-6.949776628656558763e-01
6.113337844891453265e-02
-8.502611202844332361e-01
6.122491970562005115e-01
7.119697308603694097e-01
5.078879064424723921e-02
1.185954491866780813e-01
-8.036625167165833972e-01
5.011488690172518634e-01
-4.060531541149221546e-01
7.151907657240059724e-01
-9.947746817976859113e-01
-1.205819490943793593e-01
-5.103672234355847159e-01
2.700404009695775986e-01
-7.881912674209949898e-01
8.567650985646766415e-01
3.304637861004924293e-01
4.231272366910303617e-01
4.098788007743414674e-02
-3.229966352081421466e-01
-5.112059720187049905e-01
-3.053770647821061335e-01
-6.764680680975545535e-01
3.102562468308265320e-01
-6.589514416734765234e-01
-7.906019676101787574e-01
-5.517644087396167407e-01
-3.252101995892284769e-01
-7.425512926116650814e-01
-4.313728145956425841e-01
-2.277350290619202244e-01
2.543789711618360538e-01
-2.865685634487458167e-02
-6.354387854005680847e-01
3.294660586519690959e-01
-6.633770288195293130e-01
9.325974084929216090e-01
-9.634815379877132990e-01
9.407004159407381660e-01
6.135639789179045955e-01
4.541422507579748746e-01
-3.654585300665720293e-01
4.325656133689521621e-01
-7.188421942176015378e-02
-1.164885324176789805e-01
2.916756535948044071e-01
4.145164939368999324e-01
8.417216713466335598e-01
3.741721481749671341e-02
-2.558052162392758788e-01
-6.739046191384279183e-01
2.570745755044956393e-01
-1.110903458991565618e-01
-2.200537318669077980e-01
2.653136476757684825e-01
1.481882201136266453e-01
-2.117343432136638004e-01
6.385817426561768428e-01
-7.927787204674925370e-01
6.349437095480150450e-01
7.950356658594295300e-01
4.387251057771184293e-01
9.301209180679208544e-01
-9.703182884689787180e-02
-4.763015719689478455e-01
2.789052176729258647e-01
3.006421899841356105e-01
-9.553503423029721109e-01
-9.374383060065756279e-01
-5.399430778417930732e-01
8.120534608922207465e-01
-6.408422650567513479e-01
-2.531900109750337968e-01
-1.353303192756620810e-01
7.101804230606933999e-02
3.908364182333090575e-02
8.421973493009917711e-01
4.739995990622465349e-01
-5.254403165886651905e-01
9.073738616150921477e-01
8.380105154960315605e-01
2.382424422911628703e-01
-9.190887779590861673e-01
1.960362358735894261e-01
1.825341199831134187e-01
-6.005783970285507589e-01
7.100674255349934683e-01
-3.484302023614691546e-01
3.248422724897417346e-01
3.379027999598909204e-01
5.679966972207823872e-01
7.558007282714551689e-01
1.156238460260392564e-01
-9.009750410263874798e-01
-5.376209927955708512e-01
3.092084393042238144e-01
-9.894487482716385340e-01
-9.537234518631718672e-01
9.127712320641956367e-02
4.778597625715237385e-01
8.254664527409518726e-01
-6.891521133470857041e-01
5.666244339453845313e-01
-6.006806982014400997e-01
-8.300634942160878271e-01
-4.720622074171993976e-01
4.524258879839793135e-01
-8.903203117432778591e-02
-7.536711820649357740e-01
4.481647106639543576e-01
-6.397392023474697265e-01
8.826642523834082876e-01
-5.037171190788209962e-01
-2.948448629073601168e-01
-6.923812512179394751e-01
-8.914162030888770349e-01
2.740263366427748704e-01
5.391594288158327863e-01
5.740071284819572295e-01
-4.209086995182067525e-01
4.875984629666263448e-01
-8.924557164990327696e-01
-1.992304829782498565e-01
8.745942535356339143e-01
3.955261120940327668e-01
-1.105350414242978196e-02
-3.229079497738547300e-01
-7.049439865708762021e-02
2.946515158988367578e-01
8.458437651173378313e-02
1.926004226145434650e-01
8.352438377202031639e-02
-4.203667203362519977e-01
-5.148055341644059979e-01
-4.619434425151633938e-01
6.029207317042954983e-01
-4.330284872472516255e-01
-6.215046012072138470e-01
7.717111725343275275e-01
6.954932148579187068e-01
7.768824498386694977e-02
-5.673571344271428618e-01
8.509654908482797708e-01
1.605487095405104814e-01
-2.033174036571170351e-01
-7.715672410969509620e-02
9.019506205750571493e-01
-5.513631162829226717e-01
7.898773768637283865e-01
9.251301295255607293e-01
6.158688219499051097e-01
-9.050080921196133055e-01
-1.320635530040918937e-01
-4.938528312257073338e-01
6.611416149802817888e-01
-4.076536244200268388e-01
-6.782530308500940297e-01
1.085063607097991323e-01
6.718392045638099663e-01
2.375483000407299095e-01
