-6.947283341986665306e-02
7.389695071159054773e-01
-6.175923041159354643e-01
6.894058464507624162e-01
1.000000000000000000e+00
-7.287245571623678086e-02
-9.470727861803781567e-01
3.156351460251521912e-01
-5.753230629602904544e-01
-1.351833676611546853e-01
-6.158925506427846974e-01
-3.030407810573264027e-01
-8.305257330766112611e-01
-9.632483116361985065e-01
-8.457969024421743143e-01
-6.659418759192226034e-02
-4.103366637540173389e-01
-3.543409331641282911e-01
-4.390520453450509342e-01
1.195335615001796026e-01
-4.730365931535528146e-02
-7.887432773004825481e-01
-2.672386503408152869e-02
-8.172965822231769151e-01
-7.374455353913828004e-01
-2.265937536507411365e-01
1.000000000000000000e+00
3.388521784633116013e-02
9.217460930687049192e-01
-7.170455514954165999e-01
1.000000000000000000e+00
-8.840230843851027975e-01
-4.758353362995265123e-01
4.209411218750809536e-02
9.455436470990796760e-02
-1.000000000000000000e+00
4.419236821340083998e-01
-2.762736234268368118e-01
8.074924239956440264e-01
4.624315723315241544e-01
-7.581639728249129906e-01
9.430035806403251897e-01
9.913314553272095653e-01
-4.340058861678296465e-01
-8.320582455613945161e-02
-1.284868764455626700e-01
-2.724553820605976617e-03
-5.341526414324315741e-01
7.352452892435155929e-02
-4.773420387909579343e-01
1.000000000000000000e+00
3.785177318805799107e-02
-6.727431016916582962e-01
-2.123655777317250415e-01
-2.526348074847821756e-01
3.132141224299791471e-01
-3.108305409069989089e-01
5.293594978647411242e-01
7.199154991800749137e-01
3.484320621663136164e-01
8.015452341168712858e-01
6.585664137713710398e-01
4.264865738979557452e-01
3.227226262317040018e-02
4.603975708771211872e-01
-6.721053205772135886e-02
9.698186388900349453e-01
1.974854708465321185e-01
6.674017075300768820e-01
-1.000000000000000000e+00
9.221258409321897442e-01
-9.877937183902550933e-01
-7.696928834451398638e-01
-8.680422513044628863e-01
4.566841337080123631e-01
6.780920460336063993e-01
-1.434998893744837689e-01
2.108221200264863704e-01
-2.632719889310436434e-01
6.989820842671712331e-01
-5.751088959134652567e-01
-1.000000000000000000e+00
8.890084497225072546e-01
-1.260524645523908305e-01
-1.000000000000000000e+00
7.828364216120393682e-01
1.000000000000000000e+00
4.970904050263883489e-01
-1.443573473878498048e-01
1.555031487193327122e-01
8.761311825343356396e-01
8.931718132074864536e-02
5.364766641452423102e-01
-1.000000000000000000e+00
-7.436982207261351174e-01
-1.164284254550995434e-01
2.241949955718668952e-01
7.891983691449496741e-01
-8.984613133739443036e-01
1.722488776773423991e-01
-1.234229999717277870e-01
2.831941015557750685e-01
2.407270173926761569e-01
6.586972094299760050e-01
2.270969307605381349e-01
1.265964698767171603e-01
-1.285699607700329095e-01
9.617579353045248025e-01
6.695950726251111984e-01
-2.068994218354123782e-01
6.140977691289639662e-01
9.401546527553679145e-01
1.000000000000000000e+00
1.152840484827044182e-01
8.950887067015598220e-01
-2.534217957465659254e-01
5.863973392080930047e-01
-8.753312166002895633e-01
4.297453033715075699e-01
3.977889835419977649e-01
-5.026911634186715938e-01
1.000000000000000000e+00
-3.501047416693342518e-01
-1.000000000000000000e+00
9.462335387552893717e-01
-4.580169317165393994e-01
-6.056768658316165066e-01
-2.589144243617203522e-01
4.081109916097713786e-02
2.693180819729490416e-02
1.000000000000000000e+00
-7.221182724135327691e-01
5.742869628214172240e-01
1.543187476203787545e-01
-5.072973768218406176e-01
-5.588637466043328006e-01
-7.573823093907309234e-01
4.849566130283664012e-01
-5.494366187312451633e-01
5.784541080414634662e-01
-4.716620718854673822e-01
-7.463776327501600028e-01
5.405195411219243518e-02
1.632913861814161982e-01
-2.156221392415975657e-01
9.886199693487717211e-01
4.005673444908963710e-01
4.271655798246335456e-01
5.969783493760274506e-01
-1.077788006280665095e-01
-7.693627590329706889e-01
-7.697225564538349163e-01
-2.079355810273346705e-01
6.314469523548189578e-01
-9.422331309044955638e-01
-7.891688421276986665e-01
1.000000000000000000e+00
1.000000000000000000e+00
-7.744624644305844741e-02
-1.296834257408490676e-01
7.302014695733358152e-02
-5.422527796991549742e-02
1.033920966512016371e-01
7.628208686527024884e-01
3.323411403003969089e-01
1.671774005089267656e-01
6.630535385140676752e-01
1.000000000000000000e+00
9.601698576018615761e-01
9.713960846116417303e-01
8.261921025177419997e-01
1.000000000000000000e+00
-3.946370843940605333e-02
-1.925621238014366687e-01
-5.952755156939351089e-01
7.309525417374349576e-01
-8.336716944804731799e-01
6.292789953320461205e-01
-7.583038794698897522e-01
-6.753101338530651532e-01
-7.827447634046044156e-01
6.094694472204147395e-01
6.339588783281330242e-01
1.000000000000000000e+00
-6.740991157023601410e-01
2.205274686203145817e-01
-9.075017728377753334e-01
2.188640871407595001e-01
3.130807151119707754e-02
-4.359956807853687666e-01
3.931574984670442863e-01
-2.888473230473104225e-02
2.718104577118494181e-01
-8.309724828984985656e-01
1.000000000000000000e+00
-3.505079030846092181e-01
3.126450776341156423e-01
3.023237446482210933e-01
-1.349344371789458763e-01
-5.827056139923962874e-01
-1.000000000000000000e+00
5.198005649865420352e-01
-7.569090476558946179e-01
-7.246964676246012704e-01
2.615029627528792089e-01
-2.766091030747064305e-01
-8.718658677393597012e-01
1.000000000000000000e+00
7.662961020806070556e-01
-7.456499497181419134e-01
-1.000000000000000000e+00
-1.000000000000000000e+00
5.588941718139351922e-01
8.573989545171509796e-01
3.340966632198694719e-01
-5.767558270593894365e-01
7.454584268569387495e-01
8.479548365553968292e-01
-3.118165823733859421e-01
-8.649117986279220016e-01
-9.859848147785249539e-01
-5.752321078696375212e-01
1.546404145563745614e-02
2.579170085833241144e-01
-1.000000000000000000e+00
-1.857430820772896229e-01
8.604989246478211840e-01
-4.004126456100498554e-01
-4.175065120026008603e-02
4.555427104880948042e-01
2.429450117167963885e-01
-3.418573418902651762e-01
8.748359784910992865e-01
-9.211523119423605799e-01
9.260730861691615079e-01
3.676828321134281152e-01
-2.164151171759480796e-01
4.148169166918272421e-01
6.744687403383169411e-01
3.668034127061420846e-01
2.721618976249839950e-03
-6.458438786978425439e-01
7.387885974105772302e-01
-4.075090776518801305e-02
5.763885968173195762e-01
-8.565750757449505093e-01
4.406821278783963347e-01
5.623054654167372601e-02
1.979938427252774802e-01
-2.334367663229997003e-02
-9.862028832656707378e-01
-1.805078958161751013e-01
-1.488005764255537211e-01
6.973521791646799528e-01
1.000000000000000000e+00
3.852213996994472978e-01
7.499491410376222245e-01
4.694257267565166702e-01
-6.603909361581179471e-01
1.301445979572199430e-01
-6.164862908440069678e-01
-8.047631528468204287e-01
4.843115227821130353e-01
6.914641301687142194e-01
4.752138755399548664e-01
