8.447324166406335877e-01
-8.320294685986795447e-01
1.000000000000000000e+00
6.724152134464189690e-01
-1.000000000000000000e+00
-9.977005330684948214e-01
-1.000000000000000000e+00
-3.811763964388288350e-01
4.626335049457859783e-01
-4.808321576409680942e-01
-2.633582978182591461e-02
1.000000000000000000e+00
-1.473610801405817461e-01
-5.238298830531172845e-01
-1.000000000000000000e+00
5.390656034313291434e-01
-3.134608588426277542e-01
-6.172860423309769473e-01
-1.698658782048629301e-01
-5.385785997385149626e-01
-2.705067647076515036e-01
-4.286560466841961015e-01
-1.000000000000000000e+00
-5.817247125140465602e-01
-7.678046999026533204e-02
1.528781549302148934e-01
-3.103027317573604504e-01
-1.220470303996150641e-01
-2.893094754898518639e-01
1.000000000000000000e+00
8.854158351031498064e-01
-5.325039783275586913e-02
8.279541087580444270e-02
-4.343915525055327964e-01
-1.000000000000000000e+00
3.862960709649917446e-01
-2.984505024810232277e-01
-3.133632262737593432e-01
-2.412624250583578212e-01
-2.519894130224654694e-01
1.000000000000000000e+00
-1.849551163150551236e-01
-6.482825610570047692e-02
-6.571524894808553618e-01
-2.104721541983427535e-01
-1.000000000000000000e+00
1.000000000000000000e+00
-1.000000000000000000e+00
5.728251142297117182e-01
-1.000000000000000000e+00
-1.000000000000000000e+00
-1.000000000000000000e+00
-1.000000000000000000e+00
-8.281329299601719596e-02
-4.259412489899196408e-01
3.470453855064140614e-01
-5.665716280452780529e-01
1.000000000000000000e+00
6.799649009962762669e-01
7.032188234820826445e-01
4.165500417809608891e-03
-8.125339203126566989e-01
8.377482529341827577e-01
1.000000000000000000e+00
-9.010277339175256639e-01
4.195929335595541265e-01
1.000000000000000000e+00
-4.300134411435898585e-01
-5.848174722108765433e-01
-3.314723895536968445e-01
-8.845735641558345463e-01
-1.000000000000000000e+00
-1.000000000000000000e+00
6.213382497326431775e-01
1.000000000000000000e+00
9.920197389547625866e-01
-2.980433095145847422e-01
-2.381919610020468703e-01
9.574170326064798675e-02
-4.553082628349758298e-02
-1.000000000000000000e+00
1.000000000000000000e+00
1.110876307521230788e-01
7.833977974456072246e-01
-6.438314789920206449e-01
4.170272470922927743e-01
-1.000000000000000000e+00
-1.328829653193823734e-01
-1.000000000000000000e+00
8.741690320936524872e-01
-1.000000000000000000e+00
1.827256605027204328e-01
-5.282013409233281553e-01
-1.000000000000000000e+00
-1.284715812904449472e-01
5.436627156359261637e-01
8.607323747820982973e-02
-9.931892864653009134e-01
-1.000000000000000000e+00
-1.000000000000000000e+00
-7.868812168656749151e-01
1.000000000000000000e+00
-1.915462155898937091e-01
-1.177397383948921017e-01
-7.164756378453674968e-01
6.222657967082568797e-01
-8.613885696263723357e-01
1.000000000000000000e+00
-6.158078839194685017e-01
-6.294355849858426222e-01
1.512309005005284535e-01
3.695261121018164063e-01
-4.155822760978969965e-01
-6.658039711747132383e-01
5.915022077815165202e-01
3.662891474833528394e-01
5.178134735391315413e-01
8.283497954076108893e-01
1.390841250424349473e-01
5.667986410568611744e-01
8.381289737861781497e-02
-1.935333107512032524e-01
-1.285901145058615802e-01
5.500930181076363334e-02
1.084327971424268178e-01
1.907736095704527512e-01
-1.000000000000000000e+00
-6.921569033861554310e-01
2.342543340347984504e-01
-3.110806561751904287e-01
-1.936489734336887536e-01
6.101149716374699716e-01
1.000000000000000000e+00
-1.000000000000000000e+00
-1.645176855650790082e-01
-1.000000000000000000e+00
-7.952976992762531561e-01
1.000000000000000000e+00
-1.679589337108111646e-01
5.933556691804356964e-01
1.000000000000000000e+00
4.781513983496998299e-01
1.981286261181745001e-01
-1.831007987696144368e-01
-4.328505517018788051e-02
-1.536732777350555690e-01
-1.000000000000000000e+00
1.624936286878325697e-01
6.257765309033269663e-01
-5.974460179781733160e-01
1.000000000000000000e+00
1.000000000000000000e+00
1.573307650068920260e-01
-3.514971302202094527e-01
-1.297095190538785081e-01
7.437823530552041262e-01
6.910989031707170938e-01
5.268599725213406471e-01
7.857048757988889243e-01
1.000000000000000000e+00
8.864118398932080423e-01
1.403777666187556727e-01
1.000000000000000000e+00
4.862563409264303305e-01
5.787442797338340217e-01
3.557091046406453128e-01
-6.090023655999030616e-01
1.000000000000000000e+00
1.000000000000000000e+00
9.417399140135551683e-01
8.115128017300137220e-01
-7.688531213321943003e-01
2.810680528165704350e-01
7.687329034307528453e-01
-4.542220293972006884e-01
3.547453590806537993e-01
-5.680494580067672050e-01
8.665106707488681170e-01
-3.167889205296841038e-01
1.000000000000000000e+00
8.845257900345318003e-01
-6.877950582755983922e-01
-1.104972463421169948e-01
4.475378201608195550e-01
1.000000000000000000e+00
1.743819470506886016e-01
-5.852692807118101692e-01
9.546803371322919451e-01
4.770660642695996878e-01
9.128310894312430257e-02
-8.043561476342497851e-01
-8.908059550131147697e-02
1.878938913922921852e-02
-3.711350205809163527e-01
-1.000000000000000000e+00
1.000000000000000000e+00
3.246993480832749412e-02
-1.000000000000000000e+00
-1.000000000000000000e+00
-7.836249736796747634e-01
-4.430242886136168678e-01
-6.513791169446001561e-01
-1.000000000000000000e+00
-4.733420034388740039e-01
-1.000000000000000000e+00
1.000000000000000000e+00
-6.993647422189069873e-01
-7.264137715647560611e-01
1.000000000000000000e+00
6.865996518113379743e-01
2.034784223398636849e-01
-1.000000000000000000e+00
2.349126891930012340e-01
-8.917112423390827214e-01
1.000000000000000000e+00
-2.021412659872874329e-01
-7.912483922371942313e-01
9.752930623935589516e-01
7.912682992838970808e-01
7.470978587747998390e-01
5.348523891154808307e-01
-9.708793501495031064e-01
7.390041989579780868e-01
-2.920449726945200108e-01
-9.989357984345118568e-01
-1.549123067908956819e-01
3.474375422939179892e-02
9.024032043186624996e-02
-8.354474789208921059e-01
5.905696719677017148e-01
-1.015286457413794030e-01
-9.632974732842043419e-01
1.000000000000000000e+00
-4.318322643922258841e-01
-1.000000000000000000e+00
1.000000000000000000e+00
-1.000000000000000000e+00
-4.154862848173810352e-01
-1.000000000000000000e+00
-7.515161599885311627e-02
-1.000000000000000000e+00
-3.100640296780584615e-01
9.752488729338630868e-01
1.000000000000000000e+00
-1.000000000000000000e+00
2.247830343897376237e-01
6.964506197269799692e-01
4.639927072011437170e-01
-9.791230156181534028e-01
-1.000000000000000000e+00
-7.875805211942566997e-01
1.000000000000000000e+00
-1.000000000000000000e+00
5.471530334420877661e-01
9.898152790811267643e-01
6.194466317213351836e-01
1.000000000000000000e+00
9.191980032473008322e-01
-1.000000000000000000e+00
-7.398580995475020350e-01
-1.000000000000000000e+00
9.989858030271880907e-01
8.909834651972823316e-01
9.460483956343141987e-01
1.000000000000000000e+00
