6.321921596755697426e-01
-4.751938575580760826e-02
8.289048354508927741e-01
3.369988511577938217e-01
-1.000000000000000000e+00
1.000000000000000000e+00
8.278010459546496502e-01
8.978131260506179157e-01
-2.341828020938390154e-01
-4.624530164528287690e-01
-2.379863876882523377e-01
-2.783209465284267048e-01
1.261124086431642255e-01
-9.074421287610785480e-01
-6.481086126429689287e-01
-1.000000000000000000e+00
3.412855407039353528e-01
-7.534344819431433304e-01
-9.136040311167014094e-01
-1.649519804788446287e-03
1.000000000000000000e+00
1.000000000000000000e+00
-7.408054759895899011e-02
3.394552128441701844e-01
-3.701840463327662478e-01
4.333269254576403995e-01
-7.734096211471557236e-01
-3.644286698359968657e-01
-7.058495414886392094e-01
-1.000000000000000000e+00
-2.669976494570631687e-01
9.745706123760473627e-01
-4.777080698331769015e-02
2.994847208252351400e-01
-4.713431309429200744e-01
-1.000000000000000000e+00
-1.198821550980031514e-01
-6.603165600118103828e-01
1.679226889736213923e-01
1.000000000000000000e+00
-6.397657157863856359e-01
-5.867823943693816213e-01
1.000000000000000000e+00
1.000000000000000000e+00
8.483463519495184624e-01
1.000000000000000000e+00
-4.604893037941300005e-01
7.932137873759782798e-02
4.509174918615693750e-01
-5.351941315889091610e-01
1.737297425477453139e-01
1.000000000000000000e+00
-1.000000000000000000e+00
-1.423497503945747589e-02
3.422929961657760756e-01
-1.000000000000000000e+00
2.792178002593306285e-01
-1.000000000000000000e+00
1.928096306226265710e-01
8.409757804082045318e-01
1.693847967613701377e-01
-2.279088050086821027e-01
-8.012504399590665294e-01
-9.385617669002765950e-02
-1.000000000000000000e+00
1.000000000000000000e+00
-5.042202843289119718e-01
-1.000000000000000000e+00
-1.000000000000000000e+00
-6.075660050722666572e-01
-9.211799678601323427e-01
1.886613701792181352e-01
6.640727179538681579e-02
9.770320663801460581e-01
-7.541956299403038688e-01
7.506427659179291112e-01
-1.000000000000000000e+00
4.836702328729745037e-01
7.519237931636725270e-01
1.418222659943351727e-01
3.648064738810166130e-01
5.886604661829401008e-01
1.673142183303871766e-01
6.763248964643751027e-01
-1.000000000000000000e+00
-6.663845022791116124e-01
-9.436801234575726838e-01
1.000000000000000000e+00
3.373710597587964433e-01
5.040645656584336054e-02
-9.173332159252229889e-01
4.025212976252127151e-01
1.000000000000000000e+00
-7.897512837519712336e-01
5.601748310855270141e-01
-1.000000000000000000e+00
-5.918958091070272154e-01
5.288404934368589050e-01
-7.626856949416795928e-01
1.000000000000000000e+00
1.266155167430996209e-01
1.000000000000000000e+00
3.403933564778455212e-01
7.308242634781704217e-01
-3.855766777820004432e-01
1.769666330725319092e-01
-9.252009042028779273e-01
6.012752987536496008e-01
-8.767987674757531380e-01
5.842054256453168559e-01
3.224232024262999596e-01
-9.915392748053686311e-01
-1.946948670441824292e-01
-8.278592751847175801e-01
-8.472078957774109575e-02
-1.000000000000000000e+00
1.000000000000000000e+00
1.573495933635269406e-01
-4.207799324412820341e-01
-2.032357167055565683e-01
1.000000000000000000e+00
3.688529735808043775e-02
9.145757836322834233e-01
1.000000000000000000e+00
-8.248000126725079095e-01
8.774343319585440337e-01
7.430368489691010492e-01
-7.365211351935238016e-01
-1.000000000000000000e+00
-9.414830708588556307e-02
8.455880451882706872e-01
-1.047393514509926682e-01
-9.951764232612170247e-01
1.566630520249906455e-02
-1.043601177757569332e-01
-8.043654548456027342e-01
-4.696788485398233903e-01
2.595056806275478634e-01
-5.489061932139560618e-02
-7.047720891346206384e-01
1.120856691175013964e-01
-4.154542620906336303e-01
2.141371788736845527e-01
7.262213034040374549e-01
4.091465265449011346e-01
6.422520556062272234e-02
-2.779146853895627656e-01
-1.895709847581873997e-01
-1.156900374846842189e-01
-2.960228492763561370e-02
-6.069438654299279534e-01
-8.193592290193031369e-01
-3.101677999036001054e-02
1.000000000000000000e+00
5.457411511830450035e-01
-3.459402252696932578e-01
2.256480111298715674e-01
1.203022691352248486e-01
-4.709491289300081485e-02
-8.929544042392586478e-01
1.000000000000000000e+00
3.123752246013364320e-01
-1.000000000000000000e+00
3.048621131448765453e-01
1.000000000000000000e+00
9.126352061060301057e-01
3.720528815456611293e-01
-1.651191768684092676e-01
-2.604959487089218984e-01
8.368869390454924950e-01
-1.000000000000000000e+00
5.439500165709166835e-01
2.819624184678050094e-01
4.533811127476560787e-01
-3.702099929506872944e-01
1.000000000000000000e+00
2.896542317160715196e-01
8.155584894378298255e-02
-7.600046170743578466e-01
6.166104686703688387e-01
1.853415772807858741e-01
1.000000000000000000e+00
-5.478348033602710165e-01
1.000000000000000000e+00
-9.741315201189219009e-01
-1.000000000000000000e+00
-6.131375507416918502e-01
-8.762187428744733220e-01
1.000000000000000000e+00
7.448932874174560848e-01
-6.886685337726634604e-01
1.000000000000000000e+00
-1.000000000000000000e+00
-3.975393824317232649e-01
-6.287491156944877702e-01
3.364734554308156933e-01
-3.966504607136578375e-01
7.929831345350639715e-01
2.789766363593096932e-01
8.023131911755896351e-01
-6.971964548642257675e-01
-1.709648443770832582e-01
1.646237978740527907e-01
5.019172001702773001e-01
1.829800586953166108e-01
4.592321006377242387e-01
-5.197132796039660718e-02
-7.483839624116167544e-01
9.688609022216007616e-03
4.175407444731502049e-01
-1.540828504848994196e-01
1.253076191094087966e-02
1.000000000000000000e+00
1.000000000000000000e+00
-1.202867695114045316e-01
-9.764751930807098468e-01
-5.057880909670308123e-01
8.497395083379126746e-01
-7.479636521378738578e-01
9.801403328611851817e-01
-4.414937911105482060e-01
-5.590949516516845463e-01
5.864683909678448659e-01
-6.615203869931682856e-01
1.475712256752358398e-01
3.715936780359696545e-01
9.031410836438931167e-01
-1.431713408679811117e-01
7.145130915621100698e-01
1.000000000000000000e+00
6.773494295036986967e-01
1.000000000000000000e+00
-3.381843605614423542e-01
-1.134663805488067556e-02
3.051127276366054630e-01
-4.708991372280639798e-01
-8.272491189481641083e-01
2.202785486576364360e-01
1.000000000000000000e+00
-8.969695238277735072e-01
-2.578711431898126349e-01
6.711011046243613443e-01
-1.000000000000000000e+00
-6.115559553296152917e-02
-5.434899224479939894e-01
1.000000000000000000e+00
-4.507805886765701986e-02
6.422821377779508456e-01
3.412802040831513506e-01
1.000000000000000000e+00
8.588139126374911836e-01
4.063716954735528408e-01
-5.998468949945588991e-01
8.862361656112420771e-01
9.878254847286171980e-01
1.000000000000000000e+00
1.000000000000000000e+00
3.712983539221292872e-01
-1.274505929969034224e-01
-1.000000000000000000e+00
-8.042980630865381730e-01
-2.789723626313893590e-01
8.280032143264267619e-01
4.603114795013091842e-01
4.449864874138033666e-01
