9.102216319711422532e-01
-4.816790002188051645e-01
9.969379454022228026e-01
-2.367474604123416260e-01
-7.877515329991876536e-01
-2.971137623088159763e-01
-4.259240143273215762e-02
-1.000000000000000000e+00
-1.000000000000000000e+00
9.584260703411924265e-01
1.529019489419643218e-01
1.000000000000000000e+00
4.958617689060869083e-01
-1.486939852378561522e-01
8.922427203506890780e-01
7.797152967768004039e-01
-5.187561859060347835e-01
1.000000000000000000e+00
9.113510014640586743e-01
-2.781453132558044938e-01
8.626897636567830707e-01
-9.048015772254285327e-01
1.666644895979216556e-01
-4.417208479386584008e-01
1.000000000000000000e+00
-3.594643098425695515e-01
-5.439797703024663589e-01
8.037626387410112816e-01
1.000000000000000000e+00
2.326452973236027844e-01
-1.000000000000000000e+00
3.926977102955302446e-01
-4.356857618842751023e-01
-9.098314904878007647e-01
4.336566849908022880e-01
-1.000000000000000000e+00
-5.107418774081948776e-01
2.974671028340381551e-01
-4.472112934032236309e-01
-6.574868569027129128e-01
-3.873120307667756168e-01
-1.910844755366271630e-01
7.221505413823032793e-01
1.000000000000000000e+00
8.799430381684753000e-01
-5.590035864452589376e-01
-4.817941707535852158e-01
1.000000000000000000e+00
-4.133839653701382177e-01
4.866552966357388099e-01
5.594584509785254234e-01
-1.000000000000000000e+00
1.658934335337427513e-01
-1.000000000000000000e+00
1.000000000000000000e+00
5.770760105149195240e-01
4.314031011185922582e-01
-9.379143498720712846e-02
8.052568110727938988e-01
-6.667751511649100404e-01
-8.254816489647596178e-01
9.995579259404677730e-01
-3.696286238302471938e-01
9.493210822315757413e-01
-1.000000000000000000e+00
-1.000000000000000000e+00
-1.000000000000000000e+00
-7.825949886782727072e-01
-9.312707398224748800e-01
-3.003170233746069728e-01
8.961262541069865417e-01
-1.535098495731400947e-01
-1.000000000000000000e+00
3.265648905514175193e-01
-1.931211061301198462e-01
1.000000000000000000e+00
-4.847716455004952296e-01
8.723443178527553465e-01
-2.963555653202638585e-01
-3.947939443544348226e-01
-6.013025714713579051e-01
-1.447876777647669755e-01
6.752829432255756936e-01
-3.889995619388043058e-01
8.584046689073786540e-01
1.000000000000000000e+00
7.938625350624930466e-01
-7.612122681383200196e-02
4.597821534875054517e-01
1.000000000000000000e+00
-1.000000000000000000e+00
-6.157973742312051746e-01
7.724208769318146039e-01
6.134079451753997603e-01
4.051643974173668727e-01
7.402448160041521508e-01
1.000000000000000000e+00
-1.000000000000000000e+00
7.979699252850828151e-01
3.867774704241846440e-01
6.529936892648011693e-01
-5.327690927279493671e-01
6.257532306513710618e-02
9.982894801487366410e-01
3.056967348822754449e-01
-7.876606186520309638e-01
-2.594164834712697765e-01
2.962274473776765893e-01
3.369955790621464997e-01
-1.000000000000000000e+00
2.708596373685249192e-01
7.137224534471679760e-02
-6.196544042267723151e-01
-1.000000000000000000e+00
-6.850279436145894074e-01
8.665882897461066880e-01
-1.000000000000000000e+00
6.582753148201474502e-01
5.101328197787918795e-01
-8.346038028912833306e-02
-8.995383580610382124e-01
7.991410391635870303e-01
5.096060275392179095e-01
3.724131157486090249e-01
-5.317543837404932194e-01
-4.906876257546074482e-01
9.341568630250986216e-02
-8.985637897122017437e-01
7.519913908236852684e-02
4.835447025653642483e-01
-4.973950867330990677e-01
3.639834342703422987e-01
1.000000000000000000e+00
1.000000000000000000e+00
8.587410148532176324e-03
-1.000000000000000000e+00
-1.741624427136542197e-01
3.011028393673759185e-01
8.227312022497986765e-01
5.010352886587033927e-01
7.640308208992474537e-02
-2.913138250906514015e-01
-2.600446981825397241e-01
-6.209126331882911520e-01
-6.720592172053664326e-01
2.453848610483357895e-01
1.000000000000000000e+00
9.930210552376472766e-02
1.917584267343326598e-01
3.613040599160871613e-01
-1.246048423974570329e-02
3.377413835889333527e-01
4.678680005256673491e-01
-3.776574565851831267e-01
-6.829821127782734758e-01
1.000000000000000000e+00
-1.000000000000000000e+00
-5.792845715042804766e-01
1.000000000000000000e+00
-2.404895921792525315e-01
-4.937653620479617311e-01
-1.000000000000000000e+00
5.794985749557305388e-01
5.274381604601855456e-01
1.000000000000000000e+00
-1.000000000000000000e+00
-6.726607665627675203e-01
6.539020675889828382e-01
3.032871826304861518e-02
-4.997381362172888530e-01
1.599485494843808087e-01
5.429369250055025020e-01
-3.552287232242478110e-01
6.432366901128152570e-01
4.986956081821229958e-01
2.703673935365485947e-01
6.804378814659902686e-01
-4.801181234354962024e-01
2.451089730337067951e-02
-3.298065375137542166e-01
-6.916185381315298475e-01
6.053036505746659524e-01
-1.000000000000000000e+00
8.477155605856225851e-01
1.859406692721766452e-01
8.256055992616904149e-01
2.895927730841330039e-01
3.356393351131009561e-02
-9.327929294789194525e-01
-9.270437917476019585e-02
9.947304571486951241e-01
-2.445284370598612700e-01
-2.049486163762623547e-01
5.078896845247592440e-01
7.385229863039013409e-01
1.000000000000000000e+00
1.809694334273438121e-01
7.577474763386846668e-01
-1.962494395737761077e-01
5.554392668957777168e-01
1.000000000000000000e+00
1.000000000000000000e+00
-3.759237145961880078e-01
2.309379027348430063e-02
-3.563316133378817696e-01
8.034140874823771927e-01
2.101343182793465880e-01
4.217073409166203213e-01
3.999637961042582512e-01
4.859648355996575297e-01
-8.718377166705504333e-02
-5.841192866871304235e-01
8.069320374863326872e-01
-1.514052676766696748e-01
-8.150369302639991487e-01
9.863025769820805699e-01
-4.051067732563948809e-01
-3.671978964244976273e-01
7.243439156342676988e-01
-1.000000000000000000e+00
-1.000000000000000000e+00
1.474801488477309741e-01
-5.554852686462105060e-01
2.615583564166382158e-02
5.367272067122850210e-01
-1.000000000000000000e+00
6.972993438753531947e-01
2.315448743917217223e-01
6.593852152866499505e-01
9.164048704017854208e-01
-1.573582259982250764e-01
-7.516188799549246013e-01
6.156770730446028406e-01
5.483742274229728153e-01
-1.689924659934314288e-01
-1.000000000000000000e+00
8.529067941545040998e-01
4.443430655826808295e-01
-7.173959594878526191e-01
1.000000000000000000e+00
-9.454071594707187387e-01
-2.745724817141798613e-01
3.395210960206913597e-01
1.000000000000000000e+00
3.162812714646785761e-02
4.867961195724119783e-01
4.110762674786999638e-02
5.206994700574243407e-01
6.790245268001406931e-01
-6.053314857919674941e-01
-7.287274269934896909e-01
9.466617410713185077e-01
6.083997947489774294e-01
1.000000000000000000e+00
-3.883979756983166887e-01
-9.926017378371319033e-01
7.944200479506458024e-02
-1.000000000000000000e+00
1.000000000000000000e+00
9.208445854536098096e-01
-5.793652935143814298e-02
-8.051305795074084060e-01
6.594446740158232956e-01
9.520409269374026096e-01
9.500514094299276069e-01
