-7.918170845631111732e-02
9.631801347353350362e-01
-4.702135792699146943e-01
-9.387662982659903399e-01
-6.905238558111397307e-01
-6.255876596091634045e-01
4.245413989636890317e-01
6.396009034282457151e-01
-2.882370440218298135e-01
4.997655301865211452e-01
3.253667346382542735e-01
7.906823596523555597e-01
-2.802114279808298747e-01
3.992995531653140695e-01
6.443310422684358496e-01
8.166840981013994138e-01
6.482423479588823589e-01
-1.406707443769690258e-01
4.377098840061670604e-01
6.776881802971619351e-01
4.964869552669324282e-01
6.340200215096358782e-01
-8.309428849588094135e-01
-1.890308358764289931e-01
-6.390921386625199041e-01
-4.798245924190038814e-01
2.498496803426830670e-01
-8.486764012374872213e-01
-6.544776611504541375e-01
7.122799107598223323e-01
-2.850490888403212075e-02
-9.535433651528124610e-01
6.958921791056495998e-01
-4.734463709026186518e-01
3.552822562741453361e-02
-3.433292166838040060e-01
7.177141209264494837e-01
-4.929623132777718464e-01
-9.754630158408967855e-01
-8.863771455724418491e-01
1.710746943861902736e-01
-4.150107602137935725e-01
1.888314215135100671e-01
-1.546229651010424533e-01
1.187814220863625536e-02
-2.588744138029606123e-01
-9.059864396291299471e-01
-8.099010156443522401e-01
-5.335152104666596173e-01
6.969448643692650602e-01
-4.832417177215682091e-01
6.084180983475468985e-01
5.274015665264555341e-01
7.907009130826430088e-01
-1.393224068090195278e-01
-7.517229545319026318e-01
5.693548014987195316e-01
2.829841117502445158e-01
1.211297116181286881e-02
6.600322273064751499e-02
-3.887782144885214564e-01
3.433424254047825475e-01
-7.598862364432692473e-01
-3.628500735175546055e-01
2.489557455933093522e-01
-9.702323277342703722e-01
-4.982224858865762496e-01
-3.556240474575758093e-01
-6.971111482234662038e-01
-9.849365140791035422e-01
6.802370081119852863e-01
-2.505738330531377400e-01
-7.236542913379389041e-01
-1.505232367197972820e-01
9.641200572684356374e-01
-2.907947312278968965e-01
-9.226170098480523940e-01
-4.844580442586647884e-01
-3.473596293158780490e-01
-3.662165375790986666e-01
-6.517672642261349569e-01
9.154037553472216260e-01
-3.004307628392637319e-01
7.642431065824539793e-01
-3.144027157098570058e-01
-5.967389220944399053e-01
7.544390870037840369e-01
3.151295636862674332e-01
7.213455729520119597e-01
1.733388861949585191e-01
-4.353874299763127453e-02
9.499293992372896955e-01
3.192640392880738975e-01
9.548316437008308455e-02
-3.615868859684208125e-01
-7.165350338417963982e-01
9.969888743909633977e-01
-3.835551039540028295e-01
-5.120051382482213587e-01
-5.525308225493001935e-01
-4.719805936646452871e-01
1.301861452160291144e-02
8.628170162984236669e-01
-4.842284643672247757e-01
8.754394773162317289e-01
-2.560525575311554114e-01
-1.568529600329717777e-01
4.677336290261182583e-01
-4.516817485893607209e-01
7.972585894168182641e-02
6.361775272352601096e-01
5.774036352248381743e-01
-3.896448333371860251e-02
-5.340453075750026812e-01
4.125968865847640110e-01
-6.254130551157730533e-01
3.680621942500374999e-01
5.446120444426316709e-01
-9.914254795059789238e-01
-2.493226175857745641e-01
5.450759769500193030e-01
6.019179519436796966e-01
5.698522517111070940e-02
-6.508948236278440103e-01
5.436358799044951340e-01
8.414780820193341615e-01
-2.153971557358125288e-02
5.830922476297404344e-01
-7.699815029640633135e-02
-7.730557262485615588e-02
4.637902168832253036e-01
4.487958103002498422e-01
9.524527050236184511e-01
3.388065527083845563e-01
3.029238781098100297e-01
2.249548147840954027e-01
6.580935207359517314e-01
4.839324368718238567e-01
-4.811972330128100328e-01
9.287029308340115641e-01
-1.788636181544807080e-01
8.435392438224931233e-01
4.505729300234038170e-01
5.248481059137271032e-01
4.330750929180389175e-01
1.209829304562488606e-01
1.861460248714450483e-01
-8.815957621589753934e-01
9.651838976290614269e-01
2.826593217953807802e-01
-9.031452525535534903e-01
5.973665626336717160e-01
-8.357466029915940897e-01
-4.067827133817325524e-02
-4.070897086672138343e-01
-3.273777156204102923e-01
1.709301960535256626e-01
-2.130835692005228488e-02
-1.215635332146149938e-01
-3.193711243742494155e-01
-9.249170383452227640e-01
2.292862219660765088e-01
2.188098730191363472e-01
8.286286569744345520e-01
8.170429655243354183e-01
3.636184957459380751e-01
2.263812112278578148e-01
-8.196226195025122507e-01
3.987102998030689349e-01
4.404646926958275532e-01
5.303851321991042145e-01
-2.886534495255979049e-01
-6.946665268668090754e-01
9.205619876156374559e-01
-2.679763775142767201e-01
1.757501657914462001e-02
5.138522527393012407e-01
-3.216392590130503493e-01
6.146812501794380879e-01
-2.846321870318764269e-01
-7.907058302818308348e-01
7.310344710807381574e-03
6.602899607527539239e-01
-6.118481666912325423e-01
-2.872604457165641723e-01
6.047244516445693385e-02
6.450559437049985245e-01
-5.377854225105764829e-01
3.279349961480453324e-01
-1.750849307674038347e-01
-2.978740758168882952e-01
7.858733444715293448e-01
6.040391650862362294e-01
6.866834041654752419e-01
-9.488922028963193700e-01
6.571308186316278110e-01
2.362945903816291437e-01
-3.720725267366205014e-01
-1.051469225265473373e-01
-8.661348892601570260e-01
7.987649650505221910e-01
-6.366580828491039679e-01
2.334371384065074828e-01
6.022003547320478045e-01
-5.942402945639755352e-01
7.863771889109179014e-01
3.432365789976310477e-01
5.019378333354191923e-01
-2.662736382571821991e-01
4.754832514750926276e-01
-1.095675496416823602e-01
1.836484258222854660e-01
-5.182631616152022502e-01
-3.017186472451549584e-01
4.242921812654465441e-01
-1.127073763194816891e-01
-4.809723266847869549e-01
8.323343887061569468e-01
-9.731483437678967174e-01
-2.865403414595208975e-01
-6.122941707404052636e-01
-2.246325450495860743e-01
-5.155674956004219212e-03
8.673219023274343353e-01
-1.531844228637384564e-01
-8.494623703571768658e-01
2.820140732503366721e-01
-7.867394276560799593e-01
-1.282759724195814410e-01
4.017738214626174198e-01
3.204826929621018561e-01
4.795083657131433696e-01
-5.253495778768331181e-01
8.881192953793366485e-01
-5.567984568948047830e-01
4.504319709138506767e-01
-7.026070206605294910e-01
3.497164459952977200e-01
-9.641509426782375325e-01
-1.573207512254632956e-01
3.971647016844104261e-01
-4.419876779792648591e-01
4.557063915912098473e-01
-6.703814784085204703e-01
-6.277451959891868771e-01
-5.164091717665502124e-01
5.005520499562698955e-01
7.566424468962449357e-01
6.413628342936141813e-01
7.952963704833457825e-01
1.682366060055908719e-01
-4.727157954057958911e-02
1.933145545114962616e-01
4.052123430743528321e-01
-3.828160331261978300e-01
2.474809987797670363e-01
-8.691100487239646899e-01
9.336909204715138078e-01
7.175140095578729227e-01
1.569178059254450197e-02
8.738931223483590305e-01
-5.519433188945586100e-01
4.341680369650284810e-01
-1.899443732017291886e-02
-3.424079920623932516e-01
