7.389750076610877016e-01
7.376948376822374254e-01
3.344644762276527405e-01
-4.840548888649298664e-01
-2.762673403743975964e-01
-4.559833421733907599e-01
1.032691748626690664e-01
3.731771208800278572e-01
8.120579579920359503e-01
-6.197579114969937741e-01
-2.225554572676566867e-01
3.337649982598733800e-01
-9.691197238749811316e-01
2.924766204916122714e-01
-2.576283075425369606e-01
7.868960517217196138e-01
8.529060969005570758e-01
-3.539558909368443196e-01
-6.887052391561856446e-01
6.895358736092269680e-01
-2.781320232961159711e-01
7.964494088258593507e-01
8.822713950849927489e-01
7.516373744368418652e-01
5.659631961199502737e-01
-5.331247750391598927e-02
-5.156966803630147478e-01
8.815513677165014439e-01
4.533906879925801992e-01
8.111090456425706918e-02
-3.037610757094411085e-03
6.064034178753852089e-02
1.437442216327846634e-01
-2.839650261343382720e-01
4.777452163483482117e-01
-4.518842637555409159e-01
-1.332148077680603837e-01
-5.355007923961971894e-01
8.620044180196417827e-01
-2.895769373176830808e-01
-1.444971272081856384e-01
-5.244107022037989285e-01
8.571978321624607045e-01
7.284024063585416986e-01
-8.292144930673748249e-01
2.688037900857671580e-01
6.365979536944115225e-01
2.058960199977903915e-01
1.475580897061679053e-02
-6.421150289424493174e-02
7.433385738891080674e-01
7.050610453103689501e-02
-6.848812695730808198e-01
4.288154421124243942e-01
-7.431436685839445389e-01
-8.023803583534312445e-01
4.062095118056836540e-01
-6.011859796389065203e-01
-6.665238966750113292e-01
-6.869257370130885665e-01
-6.463976252826766355e-01
-3.752644530277848833e-01
-7.132811243407313206e-01
-2.657524862008944222e-01
-4.386601643333145617e-01
-6.227720318674114797e-01
3.225367644014782709e-01
-5.263009031952514682e-01
-2.543676386898718889e-01
-1.847322571134994984e-01
-6.548718054429381041e-01
9.278859133200034748e-02
1.895024394252837752e-01
2.033937347023768716e-01
-5.654694030446898445e-01
-5.297794463675129517e-01
-4.160282341620540336e-01
1.943360781870011600e-01
3.000483019639730298e-01
4.265459339903334701e-01
7.325319149880387126e-01
6.830719485842928762e-02
2.501329228740685195e-01
-1.063484874838236394e-01
-2.377935281749177232e-01
-9.211012674258016730e-01
7.984715888184148458e-01
9.755917895983854393e-01
7.081101734942303327e-01
-2.415908107229975954e-01
5.143093082999097287e-01
9.250584461123545488e-02
-2.537753480302389342e-01
2.096942152048710817e-01
3.099686361901119458e-01
-4.310263423548026385e-01
-6.294815488160334649e-01
5.391828910507954209e-01
-4.594663222675183789e-01
2.430371837405236324e-01
-5.062079137770048032e-01
-6.442725196477574467e-01
3.271115682379068801e-01
3.623014212467468020e-02
-2.070477153879883847e-01
9.198380983078588979e-01
3.169631451463894578e-02
-8.415803200921367910e-01
-1.066429957288910213e-01
8.828312575245456095e-01
4.398429339778000546e-01
-6.335203768896355836e-01
-6.933268528075247072e-01
-6.037915593207254794e-02
8.959265948464709695e-01
-9.291050549774766409e-01
-5.684994156368348150e-01
-6.940946736047093335e-01
9.320172652779348255e-01
9.009676761194300720e-01
-8.104663861344936215e-01
-8.314174495210155946e-01
-7.438069522601795658e-01
-7.212267557592009215e-01
6.729720254730768847e-01
-9.230231040549281563e-01
-8.985586143210502197e-01
-5.218349634576502361e-01
7.579859603365199927e-01
-2.191094147043721740e-01
-4.243993210791130455e-01
3.955959807787510218e-01
2.319408089639376502e-01
-1.618980492679977790e-01
6.682398145308592330e-01
-2.612518690616978390e-01
-6.960173008573953268e-01
1.697327210810881670e-01
-6.249557445052191795e-01
6.454967908313715697e-01
7.439705603042592319e-01
8.134103379172414883e-01
1.043937711193723139e-01
-8.543274854924491901e-01
-1.122273678980740819e-01
-1.637077880301469612e-01
-3.817328536965691743e-01
8.616263034101727669e-01
2.963787897715322028e-01
-8.949286722888969425e-01
-1.145961927858076823e-01
6.869202694934073428e-02
-5.724097718095257914e-01
-7.071643287382771703e-01
-5.085265084247680978e-01
9.432362046788858034e-01
-9.020064188610474876e-01
-1.129481470403921328e-01
4.661225636262056327e-01
9.396113690668272955e-01
-8.680743088451001732e-01
-4.424050022297294493e-01
1.238481480510202903e-01
3.998374932610477828e-01
-2.067969550522799072e-01
-7.769212482431873124e-01
-2.177232936409649877e-01
7.270983589551398563e-01
7.512396205525226911e-01
2.430286975696562823e-01
-7.351366738418561031e-01
3.265498314019112946e-01
8.213133202826974344e-01
1.231174225962325952e-01
-3.071915705435424027e-01
-2.142639114717530546e-01
-8.738666339371685687e-01
-2.924777222935635024e-01
4.361153693168502432e-01
-2.025165321423054721e-01
-2.092362660352575787e-02
-2.370567010504234240e-01
2.610632420349581206e-01
1.958518879162638449e-01
-5.156418074559032672e-01
-5.390818623500104323e-03
6.492175622325189188e-01
7.633673469646138354e-01
-2.133914169529660398e-01
8.572931550935445344e-01
6.929970112743082389e-01
2.022660060173755436e-01
-6.779122580488727845e-01
-5.356780095853386214e-01
-9.883983229247657043e-01
8.895034570083040215e-01
-4.000062166958746612e-01
7.165709330760998697e-01
-1.002767276652867245e-01
4.804223206238105170e-01
1.424071805478253072e-01
-1.144850687074689954e-01
-5.100529494057504110e-02
4.916114393191028942e-01
8.900006939932150196e-01
9.014301972653584460e-01
4.809643771757121655e-01
7.747666281628307061e-02
-8.314536883007868084e-01
1.921968860289249292e-01
-7.776321195705977463e-01
-3.199346913525740188e-01
-4.345722295404248481e-01
3.845715447865665215e-01
-7.977970238532337000e-01
7.877823494239908353e-01
-3.644106644584039767e-01
4.302142700325994884e-01
-6.750653939267881043e-03
3.836409833454217377e-01
3.084503871131676345e-01
-2.592575908065699597e-01
9.216794685481342064e-01
-1.116925295641946203e-01
4.155377161382245443e-01
5.551438943644919632e-01
-9.971238467337240063e-01
-1.290827070242019925e-01
6.511337414041733496e-01
-3.601159434863971942e-01
-8.481321222534101700e-01
-9.899875617575335518e-01
-4.340699828322136522e-01
-2.156931426738391000e-01
-7.579624576794308233e-02
-2.049922986225649613e-01
7.698121296040802974e-01
-9.984475149911145042e-01
-2.763849893410532665e-01
3.996776932953389760e-01
-1.342774058753226640e-02
7.348636082416204474e-02
9.214534474243389894e-01
-1.100742415076958469e-01
7.274986237704406111e-01
-6.065021718290193320e-01
-2.047875381709867160e-01
-8.127986384124448183e-01
2.248574353305772267e-01
3.404072567597360433e-01
8.840245687297081378e-01
9.595384760382759115e-01
9.475617276459158411e-01
3.608223540132196039e-01
-7.030300389915458137e-01
-5.525693798266952950e-01
2.461881525332556553e-01
8.880420338052867901e-01
-1.572445558742918692e-01
6.169339954905461720e-01
1.007386479428862280e-01
4.293550422459966320e-01
-7.511914254874820784e-01
9.182118301374377900e-01
7.122303293616185638e-01
