7.326486624050532193e-02
-9.900240898901799813e-01
-4.510163626884491350e-01
-1.863838129377943797e-01
2.670922482619362825e-01
2.049508236031858943e-01
2.914323563265406314e-01
-9.494422737760684905e-01
4.025249431529765998e-01
-4.650790038118076120e-01
-3.031670282750278389e-01
-8.231436939571094014e-01
1.000000000000000000e+00
2.742722905626200358e-01
-1.000000000000000000e+00
-3.070762705017451299e-01
-6.555717010478594453e-01
-6.082373671428348283e-01
-8.614878601331124042e-01
-1.000000000000000000e+00
-3.478450322602029132e-01
-4.149235468549453132e-01
4.029313196729233937e-01
-7.053313796682781911e-01
5.841172979372908358e-01
8.911298452038485252e-02
-8.652292714272773466e-01
-8.828885833155004637e-01
9.344569588125382076e-01
-6.160871187618689460e-01
-6.045849837727951259e-01
-1.000000000000000000e+00
9.344411352964755446e-01
-1.158977124071323139e-01
-7.846247088443901729e-01
3.771529902345602814e-01
-2.790717286029041899e-01
5.092994219172193304e-01
-4.737327768735600797e-01
4.378009216021200301e-01
8.967066060924773208e-01
5.029009504518660023e-01
-1.000000000000000000e+00
8.547604800815868931e-01
-1.000000000000000000e+00
7.726600630269629955e-01
-3.341989357751964373e-01
4.655841641847131562e-01
1.000000000000000000e+00
3.483207307537726227e-01
5.156637891127473505e-01
-5.267732438901367997e-01
-1.944874523434317881e-01
1.000000000000000000e+00
-4.793760723824425085e-01
-5.103408086284917378e-01
2.821211804662568934e-01
-1.000000000000000000e+00
1.000000000000000000e+00
-6.833560749971042680e-01
-9.799600957890737263e-01
1.959149162841517244e-01
-4.490670774778327545e-01
-2.528639008785966147e-01
-4.721042699871753623e-01
7.707728501556510015e-01
8.489102660696890013e-02
7.312494656923977654e-02
2.000932874923631033e-01
-9.744034407995476599e-01
-5.772727619259943044e-02
4.132187491307803828e-01
-1.000000000000000000e+00
-3.193493570614290844e-01
-1.000000000000000000e+00
-4.888646381739553126e-01
7.768522524810894669e-01
-1.938195777090572225e-01
4.900867558425977544e-01
1.000000000000000000e+00
8.708467033356628306e-01
2.257062760907491139e-01
1.000000000000000000e+00
-1.000000000000000000e+00
1.000000000000000000e+00
8.310157330838211509e-01
-1.000000000000000000e+00
2.536131336641145317e-02
8.121119498142190807e-01
-1.000000000000000000e+00
-1.068970469336061324e-01
4.330355514700885977e-01
-8.743600984749511085e-01
-2.059151675782339153e-01
9.903479195579134586e-02
-5.265180192442300289e-01
7.691848194843349251e-01
1.801228321368154583e-01
9.312351452186140577e-02
-5.494587273060875798e-01
8.088307687905749166e-02
4.287415595554961989e-01
-7.411492562524385486e-02
1.000000000000000000e+00
-1.565673910572428496e-01
-2.567958671374895308e-03
1.419973515318732060e-01
2.424341807963419360e-01
-4.789737156400185047e-01
2.006727137179674658e-01
-9.540735419354101632e-03
3.129222253261456088e-01
7.019550232830362724e-01
7.627980477724353170e-01
-1.000000000000000000e+00
2.907506563517168185e-01
-1.000000000000000000e+00
6.920103819966871850e-01
1.000000000000000000e+00
1.000000000000000000e+00
1.000000000000000000e+00
-1.000000000000000000e+00
-9.153231394856715664e-01
-7.359363669279996856e-01
3.610119891603446041e-01
-8.995072890938848875e-02
1.930019685422978415e-01
-6.614554360383637643e-01
-6.668112681995069790e-01
3.369187694060266636e-01
5.773139387265594502e-01
-1.259617215011361591e-01
3.793571268437571642e-01
-5.717998927700297385e-01
-1.000000000000000000e+00
8.670757109601539003e-01
-5.766058041693779002e-01
1.903537533611165400e-01
3.073991323731883885e-01
-9.303709763329582882e-01
-5.854820987526955234e-01
-8.309585801199381727e-01
1.000000000000000000e+00
-4.389009521493960619e-01
-4.997522837457012423e-01
-6.592294650476019369e-01
-7.458152197243039794e-01
-1.113002683231824053e-01
1.000000000000000000e+00
-6.079748749045281730e-01
-1.822696672603373869e-01
4.754856771397378279e-01
-1.000000000000000000e+00
-2.814627872770376626e-01
7.321238160669492068e-01
-1.746469655706098523e-01
-3.718657795460442728e-01
-2.508111648795385840e-01
-2.290967137527095687e-01
-1.597247071859944634e-02
1.000000000000000000e+00
-1.000000000000000000e+00
3.859496844732759335e-01
-1.000000000000000000e+00
-2.168477008799281069e-01
3.127311297412976865e-02
5.072733346001894184e-01
7.101610323438964922e-01
-3.401441031154519568e-01
4.463920936205595380e-01
-1.000000000000000000e+00
-6.321280216798648155e-01
2.529455443337714771e-01
7.843947976184426629e-01
-4.858150780118349887e-01
-1.320708852616959694e-01
-8.993997931004521496e-01
6.571677378838153283e-01
-1.000000000000000000e+00
4.355897198197509201e-01
5.204295761618903393e-01
1.000000000000000000e+00
1.697633802334174158e-01
-1.000000000000000000e+00
9.643778162842824297e-01
4.325624990024605765e-01
6.320203909611810111e-02
-1.169110788567926107e-01
8.764384788586323527e-01
-2.815059449441715267e-01
3.601203405573463745e-02
-1.344390429273318865e-01
4.600658060943550454e-01
-1.000000000000000000e+00
8.630850041575495180e-01
-1.000000000000000000e+00
1.000000000000000000e+00
-8.603327628496735269e-01
4.054927156818715628e-01
1.311375889826437990e-01
-5.269681701180637390e-01
-1.995072350054687971e-01
9.528836497536706807e-01
-1.362119140888246038e-02
4.445762665064013630e-01
3.444594791805852818e-01
9.623001037221410314e-01
-1.000000000000000000e+00
1.000000000000000000e+00
-1.000000000000000000e+00
-1.000000000000000000e+00
-5.980627346390997578e-01
-3.556327638929162038e-01
8.724990938125940509e-01
6.490343459353491440e-01
-1.000000000000000000e+00
3.825867317220341679e-01
2.815345686370783751e-01
1.000000000000000000e+00
2.975971142101324629e-01
-5.399136518082412461e-01
-3.325972421960927128e-01
-2.561937451164399415e-01
-9.912229180679014151e-01
-5.624531596457321703e-01
-7.084180403454732877e-01
-3.449390072415384201e-01
-4.515390866558816607e-01
8.087495517484947216e-01
7.245795517927596796e-01
-6.920229724789850323e-01
-3.862823515096629468e-01
9.737280800290196714e-01
3.858579891335777723e-01
-8.100948222700261603e-01
-1.000000000000000000e+00
2.551173237888278988e-01
1.290144523121391495e-01
-2.943261376000263496e-01
2.828741217203403213e-01
-3.485885629257470253e-01
3.771019835724810365e-01
4.297459662698870364e-01
-6.079830927042229050e-02
-8.608654744205251896e-02
-7.075044559342280603e-01
-6.498876255255593426e-01
7.270325813563560668e-01
2.446887715319637502e-01
-1.000000000000000000e+00
9.458368624155875093e-01
-1.084941638855175805e-01
6.165980922018633459e-01
9.900777890293807060e-01
-3.873244451559585411e-01
-5.001186561348853754e-01
6.095661493791046937e-01
2.316740640999029877e-01
2.925112883751643800e-01
5.755202098220729701e-01
3.504926964100945064e-01
-6.370867191833873289e-01
4.351397836910464445e-01
-7.814751634276355663e-01
-1.000000000000000000e+00
