-7.186031782003761137e-01
2.227953536806470680e-02
7.258166254036002574e-01
-9.856542116196582715e-01
6.185945542979256473e-01
-7.694959690489358017e-01
7.413734677145047414e-01
9.948351658484957394e-01
6.741345161495699845e-01
-9.930127928069245602e-01
-4.994982882175891259e-01
-9.912899191944410937e-01
6.579929609186641049e-01
-5.833213930515055434e-01
-3.561572863454538496e-01
-8.244891890071364138e-01
8.324801461778614797e-01
2.930137616562935587e-01
9.287764955484567597e-01
-3.268407746677839398e-01
-5.317023926240682652e-01
3.167306343377447320e-01
-8.149977647390707070e-01
7.470775020899647068e-01
3.221505983556367525e-01
3.679825915329835162e-01
-6.316455701000065481e-01
4.497231590438366400e-01
-4.199398877652598117e-01
-7.605823330824730277e-01
4.890161470059781745e-01
-3.949199241355765277e-01
2.297030162817743637e-01
-4.124728628451925783e-01
3.030480912904960356e-01
-7.750558706691861310e-01
4.892405432475568361e-01
-7.002142637148083271e-01
2.231871471240176596e-01
3.522430386401886881e-01
-3.797971142399445554e-01
3.943117147970442993e-01
4.986004373668708745e-01
-1.884352663199553302e-01
1.589508630057034910e-01
3.384710733187992204e-01
2.365316813852000877e-01
5.033003459111637934e-01
2.130606311501668237e-01
1.431615776076615720e-01
-5.309730699966539458e-01
9.609312592518828300e-01
-8.856721931321525076e-01
-6.322008726404877432e-01
-5.407994634748378715e-01
-4.607229590239971806e-01
7.057087405214372833e-01
-4.074426097975549776e-01
-3.613303003912211597e-01
-8.043570691218364654e-01
-6.924878691133462549e-01
8.810823277361377048e-01
3.582466531586516734e-01
-3.685885488620621597e-01
-3.936080898149179053e-01
-7.820398797550205394e-01
1.512925527143498261e-01
4.892937825230743165e-01
-3.818296474680800134e-01
-6.326593213521596315e-01
4.351037564830819715e-01
-6.018145647349584237e-01
-3.498236964593526288e-02
-2.166495182528258567e-01
-5.876808114346132594e-01
7.155797793592033607e-02
2.260331185044068825e-01
6.180367781725402132e-01
7.218610128609921350e-01
6.463996298071750246e-02
1.608799704355368121e-01
-5.496480364994487111e-01
-6.349924391354897502e-01
-5.928115974652647946e-01
1.790767403840223260e-01
-3.567501328908688762e-01
7.236302890830919043e-01
-4.637669898381238109e-01
2.007940714965681384e-01
3.577501410698360473e-01
9.416536214025201801e-01
6.393633735502308735e-01
2.871815289121049108e-01
-1.056647501904801612e-01
4.007959685347293188e-01
-4.640058497479442323e-01
1.452107592307700923e-01
6.940645067691797454e-01
8.352951449370504822e-01
2.281846544331429527e-01
-5.690175986677288300e-01
2.787006795822759564e-01
-9.866711298643797701e-01
6.332975964049514239e-01
-9.544993599687299213e-01
-1.497785200317465204e-01
2.458426542487550659e-01
9.863852902569225645e-01
-3.358843420938568691e-01
-5.756087127036426665e-01
-4.666165044948702434e-01
-1.260877221290770400e-01
2.200614554135749135e-01
-1.293354313841401648e-01
-7.922086969729698058e-01
-3.914974476547119497e-01
2.767461733493654652e-01
-5.414651695888743621e-01
2.310468820603717166e-01
5.437685426774037101e-01
2.508243030321797296e-01
3.004742875099861710e-01
9.896804804131178468e-01
-3.169276201217552380e-01
-1.381752585534958833e-01
2.104655431411097677e-01
-3.561989279368558137e-01
-5.464424532990364014e-01
-8.792781180446049838e-01
-3.243397622582859796e-01
-3.072205973921884326e-01
3.049232701768871401e-01
-5.461858055171739945e-01
3.082642364615773012e-02
9.414966511360760570e-01
8.296194746273639620e-01
9.302816111705243252e-01
7.973483163076162672e-01
-6.640549539409601465e-01
-4.100090112459302549e-01
1.499688228121132116e-01
3.536779045640736641e-02
-7.306143620113512149e-01
-3.043372119600140646e-01
-4.711331754092467072e-01
3.665268840314224175e-01
-8.598458154640213902e-01
1.492024224858503612e-01
-7.022844014706477456e-01
6.963489680800716286e-02
9.075139398369707067e-01
6.286648072139442434e-01
8.482152078807829731e-01
8.114814852785161570e-01
-5.949275719738720269e-01
-6.865815447077689981e-01
1.200569405895168806e-02
8.216087491206160998e-01
5.134372236280682067e-02
2.612669438171317804e-01
-7.068299564929576562e-01
-6.830489365570830973e-01
-6.807377036445665386e-01
-2.483749381079942697e-01
-7.590907916750133655e-01
-8.339216927747934438e-01
1.124164862404348764e-01
-4.018510283015148676e-01
-6.829086873659744317e-01
-1.293866115316264498e-01
-7.303629393528385805e-01
-4.073695425791032942e-01
6.408878496396575031e-02
7.029177594465250145e-01
-8.161823576411049164e-01
-9.407691432141396248e-01
-7.809975017742609715e-02
4.001877395375392776e-01
-9.574998697998966524e-01
9.694031545317884913e-01
-3.621736360224574458e-01
3.604903708487352532e-01
-8.065916898559555293e-01
-1.504219134352835496e-03
-9.258233003420233143e-01
-8.587676486914455065e-01
7.524049891073403273e-02
-9.116022003864676648e-02
-5.867155314436711677e-01
1.801481763572247985e-01
8.086973116469391432e-01
-2.484705563119660177e-01
6.511254695257167047e-01
-8.287311909845311853e-01
-9.174909805967070842e-01
-9.176720547533270267e-01
8.443552396404405691e-01
5.574262513873542435e-01
-3.315015141080637218e-01
6.601853718382102443e-01
3.300289930749971123e-01
9.526419195347337610e-01
-8.655970357517099867e-01
4.637805855586245585e-01
3.501628881743645838e-01
-9.890137326891537128e-01
5.858265115437713000e-01
4.530957141298712632e-01
-4.296783895405233977e-01
9.933294692496521527e-01
-5.599703949428589400e-01
-1.211776077055157774e-01
7.232502530730886559e-01
7.411808840689406708e-01
5.229918531371910984e-01
8.303920189063005441e-01
4.452746933716791311e-01
-8.186876270851062287e-01
2.422231589878158786e-01
7.028215334085974320e-01
3.136097260877064308e-01
4.335494386778944165e-01
5.880411307282940037e-02
6.298942122823343315e-01
2.981746352036209746e-01
-8.388622814382862281e-02
7.376550134114401303e-02
-6.796657157874368416e-01
7.396773596176136056e-01
-7.559628203484396458e-01
3.280597014427606428e-01
-6.523306438134301999e-01
-4.475262252827703069e-01
8.347929011085197804e-01
-9.569647355515558118e-01
-3.396459972209395772e-01
-8.544767188100779176e-01
-6.161325223420146546e-01
7.630543164748981866e-01
-3.148228118335310022e-01
-5.342973068526526426e-01
-6.821732684054433449e-01
-5.886206361543087073e-01
-4.494301870629691109e-02
-6.938309201965788819e-01
8.877249220213272451e-01
5.259662359549270860e-01
9.276286999299885316e-01
-8.724074786897728639e-01
8.576003824114108998e-01
-7.259768429566713088e-01
8.168892684650486125e-01
-7.487258942404011464e-01
6.712303785508688669e-02
1.854554523170526270e-01
6.074970849812442175e-01
6.888944097217712947e-01
9.542429663484313096e-01
5.769593734860032352e-01
9.869001282376848039e-01
-7.037233348383595821e-01
-3.121667683684381522e-01
-3.931283342969911221e-01
9.224036130043749004e-01
1.893443395995006995e-01
