1.036273742240314544e-01
8.928318583989591772e-01
1.296302602192462849e-01
3.050446762058427463e-01
-2.809989943182638061e-01
-7.766704073923400564e-01
-8.927818753097727100e-01
-5.662055288536682607e-01
7.444963325546380961e-01
-2.424964655263734947e-01
-6.622610454287136683e-01
8.489622986824580941e-01
-5.366989594408206887e-01
3.250985903264016486e-01
-4.886596622966157266e-01
1.907409815963219124e-01
5.497416054056274426e-01
-6.172571928362828864e-01
3.721433369703406324e-01
2.518608840126699278e-01
4.741681251795759611e-01
-9.962632649272020746e-01
6.411845762951104977e-01
-2.636998152596592426e-01
-6.182551649543510663e-03
-1.851302519827457971e-03
-5.502724033263677317e-01
-3.410941279707944140e-01
9.444133960658740445e-01
1.604494224818142634e-02
-6.717023826767243300e-01
8.162245995139250088e-01
-2.590104389212977143e-01
-7.522671756023784351e-01
9.176212946277664262e-01
-8.222668925346243718e-01
9.738030030197919462e-01
9.266247652302084248e-01
-6.636662402900832536e-01
-6.064038625445995478e-01
-3.459861526808711840e-01
-2.896990003996302576e-02
1.478037868192076942e-01
8.246651788507965986e-01
-4.774690531114580416e-01
6.722741519992454506e-01
2.480235476244290194e-01
8.338096339570173487e-01
8.007506361754921365e-01
5.553208767143757996e-01
8.076175615308422984e-02
4.695286020657496451e-01
-9.264227831273532665e-01
7.041441458570429912e-01
9.843696146478544406e-01
9.668621148100058349e-01
7.321176207750990095e-02
4.887374493835907607e-01
-1.038054906146883560e-01
-4.141751204482266857e-01
6.023511601072795152e-02
9.025543276398151349e-03
9.978649369264369628e-01
5.635771959340751813e-02
4.569028796908638501e-01
5.813508602254373603e-01
-3.771116083069379066e-01
3.821683098300032722e-01
-6.253481573137675831e-02
-2.347676756064493997e-01
-5.849456152027676659e-02
-9.709375391121271015e-01
-6.257530448840809001e-02
2.298531701829715779e-01
1.346971179793987616e-02
-5.343593237702795040e-01
1.405175103302342965e-01
7.373602741046705322e-01
-7.015504172159481300e-02
2.551836995294749499e-01
6.288686480200085249e-01
2.074617488938055310e-01
-7.110959712585045445e-01
-2.361568663312572092e-01
9.260153286251893157e-02
3.626477353005408411e-01
-4.764117173813882111e-01
3.188151536640406736e-01
6.615774451494860209e-01
-1.583939758877559445e-01
7.213776135947693735e-01
7.363799010869831463e-01
8.436246817902646189e-01
-5.600730945124592353e-01
-2.846456556217487055e-01
-9.954708912304928159e-01
-8.022154384469006860e-01
-2.589869730029903394e-01
4.428631539101668402e-01
7.644906708108398785e-01
-1.639917254315625961e-02
-4.365547635538409299e-01
6.132818416486831570e-01
-2.369263485173185302e-01
4.879975207773892265e-01
9.263512641883628884e-01
7.127797981081112066e-01
-8.179134405048533729e-01
-8.265458128187819220e-01
6.356398690152724740e-01
1.368462636788874143e-01
-8.135911716414419015e-01
-3.046774558428229085e-01
-8.545824188120680898e-01
9.035622045738409547e-01
-5.294982552976030821e-01
7.380089862875878204e-01
7.403596469036923811e-01
3.892847514483677163e-01
-5.536072713978241744e-01
4.272008927672568124e-01
1.480799845470526233e-01
-7.614035834116346102e-01
-3.461689551745783522e-01
6.600709949953387223e-01
3.754432427516323223e-01
8.389727243549165436e-01
-4.146984355182827819e-01
3.957653633591502462e-01
9.994706290407107119e-03
5.095743719972274377e-01
1.632379574029523273e-01
-8.478726945117485148e-01
1.604701527520002724e-01
-9.149998447526352940e-02
1.170164495705312557e-01
-7.907192984512678713e-02
3.457634922359602569e-01
2.140362167783527170e-02
-2.068158244187852102e-01
7.252069555202789175e-01
2.525158198794996700e-02
-2.005706015568864409e-01
-4.843591160203069013e-01
8.687488682805479812e-01
-3.814844355314461755e-01
-4.530659326775459128e-01
8.277487442329807266e-01
-9.514982695798925860e-01
-6.265873046334096141e-01
-2.866594072345722832e-01
-5.141005330370163051e-01
3.207945717628402083e-01
-5.271847580707662573e-01
2.286660919298411088e-03
4.242587738622960458e-03
7.077110826741805916e-01
-3.893877975041641903e-01
8.152453307570692864e-01
-7.689426252770368286e-01
2.718680458562892088e-01
1.061959431178780555e-01
3.793061387927076922e-02
-8.693060253327611342e-01
7.370365316561398039e-01
-4.651402652423017869e-01
1.397310492573604623e-01
3.195910710857829962e-01
-5.996723045031251420e-01
6.696372293098797890e-01
4.498682655357755245e-01
7.670390227553649520e-01
-8.352634144739226052e-01
6.756770037557542352e-01
-5.767921054611215848e-01
-1.043507424543896889e-01
1.257503202618694971e-01
-6.256665807505852328e-01
8.399589596947043546e-01
5.825467315343084707e-01
6.723898788850601882e-02
9.532427658392226277e-01
-6.408082847463314469e-01
9.131911359487669966e-01
7.030884312922247581e-02
-1.822223888431495631e-02
4.499882107772383844e-01
-8.485673183980124712e-02
-8.969524414015708214e-01
-3.493077022844002233e-01
7.277028173906476827e-01
2.759564580435953651e-01
4.068838845893429923e-01
1.352444436621162982e-01
-7.247928092576627623e-01
-8.067559927105072415e-01
7.053512287611876097e-01
7.362517346176775668e-01
-9.321116054222775560e-01
-7.407204330243644108e-01
4.518057439118623453e-01
4.155862009276742874e-01
4.834428938588590796e-01
3.165789634532332197e-01
2.187744108187199554e-01
-1.832100489288654988e-01
-7.688742698055583968e-01
-5.925937246106736112e-01
9.117682569465963560e-01
5.706283654188699650e-01
-5.703528099554588948e-02
-3.792179370910595537e-01
1.648856108241278928e-01
-1.538832665171943059e-01
9.184154941766655700e-01
1.639374139787004303e-01
-4.679617511864215817e-01
-3.730298796402100603e-01
-4.195906921541618928e-01
5.830625684829628952e-01
9.408205858679183908e-01
-2.677044142957551998e-01
-3.210595762362347116e-01
9.340513003933386127e-01
3.934235875461373766e-01
-1.421734474997553566e-01
-3.659089711830172398e-01
-1.154073591886801697e-01
2.386723242609427587e-01
3.921689890965407432e-01
-8.421496408233126729e-01
-5.390367405112279631e-01
7.265446993525299657e-01
-8.303724273262735878e-01
-4.843625789659946612e-01
-6.249977574395311208e-01
4.784169628994083823e-03
4.855599798719645310e-01
1.332745152924674770e-01
-6.528801591931012727e-01
9.576539993615007518e-01
-8.832055570640493514e-01
-8.180575218442420748e-02
-1.896021480280838389e-01
3.011606095075771705e-01
-9.121007650827008817e-01
7.503653186991803281e-01
6.547101673840254321e-01
9.230392457745297818e-01
-4.345087932864877267e-01
-6.091545937225737450e-01
4.585309396612129440e-01
-5.898860032793367125e-01
9.475131935321583487e-01
-1.143193945118037291e-02
-9.520522462495457638e-01
9.984915997805210441e-01
-9.527366852341272452e-01
5.744619907706849382e-02
-7.967176305615832899e-01
3.285182664315167145e-01
-7.722636788242283057e-01
8.042922357500554842e-01
8.993031901422769980e-01
2.651084041927542767e-01
