-1.000000000000000000e+00
-7.605427984415344955e-01
6.001529916049419544e-01
8.486390669930602426e-01
-2.198470293913969975e-01
3.564446439253481369e-01
7.893915406219450537e-01
-1.000000000000000000e+00
1.783586135404301998e-01
-7.130820171790592799e-01
2.631061532027316741e-01
-1.242799304278039696e-01
7.138195112805742482e-02
-2.798637881360616086e-01
1.288587409702777742e-01
6.592635809920081025e-01
8.930707976525577296e-02
9.019359944111305927e-01
6.390881201294669189e-01
-6.851388697071120193e-02
8.707892041413090034e-01
-7.789700721632992764e-01
9.863967045475874329e-04
-5.196708426966817340e-01
7.004771676545566705e-02
1.036592919565075543e-01
-9.012967824540496498e-01
-7.995534821974668027e-01
1.674584055771860536e-01
9.678340509377780787e-01
9.066835181005167277e-01
8.210167625988828988e-01
8.609244338012066455e-01
-8.280603429106356828e-01
1.879069577808755720e-01
-4.963806582235757298e-03
1.156629381688574765e-01
-1.000000000000000000e+00
-3.331104878366777933e-01
5.807089371349833939e-01
-3.780893936045742754e-01
-9.468929368908053368e-01
5.090528021934779268e-01
-2.434477226115098758e-01
4.459104327003161061e-01
-8.643029911429978007e-01
-8.788361385403603565e-01
9.300584029545745368e-01
4.227802259583783862e-01
-2.871632622120651179e-01
2.397143516432810248e-02
8.500605730772210489e-01
-8.991716901894696024e-02
-6.398453686956905306e-01
9.861608456779350496e-01
-1.175179367507397377e-01
-5.484312637819344083e-01
2.624328282790069355e-01
4.570950878885343127e-01
7.039397439109841281e-01
1.337076369814121646e-01
-6.423799405445442812e-01
6.840030480014795966e-01
-1.395246533093490171e-01
1.783578990930542729e-01
-5.478880658755552746e-01
-5.045091674550542526e-01
3.610260008238628249e-01
-4.750536748321033120e-01
4.163578777773551121e-01
7.447062805180869605e-01
9.426222597150717419e-01
-7.495070134144888874e-01
3.835304706803681629e-01
9.160487964746316658e-02
5.823161796346332242e-01
4.763096626807796774e-01
-5.271096397598435956e-01
-2.850771203845136048e-01
-3.398529670464125463e-01
-5.882798007152101327e-01
-2.562864591594520292e-01
4.067292327174926725e-01
-4.480226172656636141e-01
5.641126216153424799e-01
-3.430814357450401308e-01
-9.837386927817367566e-01
2.167088850718804430e-02
-9.912801764617941158e-01
-6.521682382708966497e-01
-1.000000000000000000e+00
4.901236330486088422e-01
4.260626964648946413e-01
-1.000000000000000000e+00
1.000000000000000000e+00
-5.268262968194602491e-01
-9.434931231720355971e-01
-6.233333048333481452e-01
6.855406845415590311e-01
1.175928857277891287e-01
-1.960410989483590272e-01
-2.955972565357207760e-01
4.134175783059590437e-01
-5.298505959745875016e-01
-8.401753429935967521e-01
-1.000000000000000000e+00
-6.015439629886980555e-01
4.336123934655969903e-01
-1.000000000000000000e+00
-8.981178187911106336e-01
-2.318794388835121109e-02
-1.904186494748874026e-01
4.529276371706237314e-01
-1.366329382823879279e-01
-3.394278944298184664e-01
-7.025747919329481395e-01
-3.860909912566324875e-01
8.457853545944483686e-01
-4.905575245375554116e-01
7.480929552874847621e-01
-9.058507171706025041e-01
-9.026917167902602512e-02
9.954979569322400801e-01
-8.385234427679324476e-01
1.000000000000000000e+00
4.962245603723308696e-01
-3.981254035971852900e-01
-9.426652788782405867e-01
-3.911375091467205189e-01
-5.552930205392799801e-01
5.074434346692086040e-01
-9.096388952180952669e-01
-5.220676708065937754e-01
-6.051444223062946159e-01
1.000000000000000000e+00
-2.079115931124117522e-01
-1.574010330420819725e-01
-1.000000000000000000e+00
7.212023603544394090e-01
3.600611607218056065e-01
2.264756912369760566e-01
2.008125798393504136e-01
-1.017610507619957638e-01
9.318042929074564773e-01
7.752551743580785026e-02
-5.483360385636559808e-01
9.948312057128072539e-01
5.924074434128000499e-01
-1.746378840755264950e-01
-2.809495269637068970e-02
-6.422042115815854713e-01
-1.000000000000000000e+00
5.852504213535217881e-01
-6.071860968333882280e-02
-6.926553986737571389e-01
9.075395021197329992e-01
-3.327899752385415910e-01
7.317224993791808796e-01
-8.797509016207184507e-01
-1.287823650825261623e-01
2.318369258117489728e-01
2.660699052190541591e-01
-2.327866642025700761e-01
-1.740956320703171412e-01
-9.472097953090061195e-02
4.374908378822221500e-01
6.646152022536195858e-01
5.593491586701091478e-01
2.693334573462375925e-01
7.836742204213977825e-01
1.000000000000000000e+00
3.013740366234631263e-01
-1.239372780170645560e-01
3.005912288386600184e-01
-2.238262151991774751e-01
-1.000000000000000000e+00
4.906744917369671444e-01
-6.909240896862933745e-01
8.858055100115990177e-01
-3.805308237006014282e-01
9.673754228210613704e-01
8.913840645926949247e-01
-2.188658464108361179e-01
-1.000000000000000000e+00
2.931774617262810079e-01
-3.129779978874070445e-01
7.339070714261135553e-01
-1.944316548931251387e-01
-2.287143365099304493e-01
5.551027576278039222e-03
-1.179297800258483075e-02
8.540167113320880077e-01
-8.733981554361751609e-01
1.235298086293867559e-01
-2.510139001468159048e-01
-1.000000000000000000e+00
-4.093702948974008438e-01
-5.375181084420798117e-01
-8.710172534716912329e-01
8.413335622877416986e-01
-2.328431362630477564e-01
5.537645777074261533e-01
1.000000000000000000e+00
1.016986644144568797e-01
-1.818490225331304000e-01
-3.139760001707864734e-01
-3.744817911004070243e-01
-5.964631139976853680e-01
6.210058633621606816e-01
6.603742120044870934e-01
-3.548106901083234455e-01
-5.160986228770206852e-01
3.679765472475614585e-01
7.938046058725534149e-01
-1.000000000000000000e+00
-5.160180881313418677e-01
3.935344809902339702e-01
-1.207697430524016236e-01
4.950153772033696331e-01
-7.854863752468524973e-01
9.630533709379998086e-01
-4.961876819187525656e-01
8.844261330854757963e-01
3.759081111642552375e-02
4.982403264631934947e-01
-9.559207925676864726e-01
8.310722195683200031e-01
-2.445988504221494886e-01
7.986946140118931226e-01
8.917424233454432358e-02
-9.397308491160635269e-01
-7.090870106590756450e-01
-7.266774416243498846e-01
4.795235956445670356e-01
9.752310425794464832e-01
-8.361089762681117588e-01
-5.711552377707478367e-01
1.345423580750133019e-01
4.132166448318296825e-01
9.999335017115564828e-01
5.416313640191477985e-01
-6.349365085742817438e-01
2.870573316019405796e-01
7.958529221364558648e-01
8.188229197750562793e-01
-5.111195388291354946e-02
-2.407170294509459185e-01
-3.830960698941919262e-01
-2.777003674082949569e-01
5.099157297927120469e-01
7.647073836259622448e-01
4.148084959514914960e-01
-5.937876679452869233e-01
6.977463078279879660e-01
-5.084904271324554026e-01
-1.000000000000000000e+00
-6.772560616037659464e-01
1.000000000000000000e+00
4.972573325181331438e-01
3.051694895532106044e-01
4.212143678183651319e-01
4.366166515118679592e-01
8.974692121616507645e-01
1.725126746979295245e-01
8.659578327835613099e-01
