-2.801722337971256360e-01
-9.448577810601451743e-01
-6.520759288748415594e-01
4.176537415056948976e-01
-1.000000000000000000e+00
-4.935144306598524544e-01
-1.330603656786735201e-01
2.416107965146814252e-01
-2.128933949138340220e-01
5.048522668411339342e-01
3.708611721122759830e-01
-7.078438316100053862e-02
9.762286168410663212e-01
-2.495509013375013796e-01
-5.134814112560444066e-01
1.938364207870937328e-01
-6.688540057173243403e-01
6.140350201591636692e-01
-8.882757077626561859e-01
4.955171762644400846e-01
-6.962482078582687972e-03
5.683594145588898305e-01
6.035187574871283545e-01
4.441136853354670233e-01
-1.000000000000000000e+00
1.286151294373155118e-01
-1.709800955234697106e-02
1.000000000000000000e+00
3.442573503759523978e-01
-1.000000000000000000e+00
-4.921743087739852696e-01
1.000000000000000000e+00
-1.000000000000000000e+00
6.312086976717522502e-01
1.000000000000000000e+00
2.686482226815689600e-02
3.567844454017432554e-01
7.725630581838848210e-01
-2.441722531997067014e-01
-1.206790785494030460e-01
-3.399902145281079591e-01
-1.000000000000000000e+00
8.618003337861372959e-01
-1.000000000000000000e+00
9.458387127452303478e-01
-7.041948024761794933e-01
-8.334779157711899034e-01
-1.000000000000000000e+00
2.464256758680101744e-01
-4.073138910491421738e-01
1.928636002256495230e-02
9.786470007340444255e-01
1.000000000000000000e+00
-3.447658761037636355e-01
-4.571410460388994346e-02
-2.792342988941647342e-01
7.399363733623642858e-01
8.995198914418601754e-01
-9.438115965731700419e-01
-1.000000000000000000e+00
3.725849534095267979e-01
1.073717940495191592e-01
-1.000000000000000000e+00
-4.372345828337872442e-01
-7.623381303911876961e-01
-8.101176134590792888e-01
-6.645642984879718274e-01
-2.559638263774862699e-01
-4.800651160068454271e-01
-1.000000000000000000e+00
1.000000000000000000e+00
1.000000000000000000e+00
-1.000000000000000000e+00
-4.712783925046697409e-01
-3.417916660374804572e-01
-8.414227774980806984e-01
1.793977113758972453e-01
-3.820357520507449145e-01
1.000000000000000000e+00
4.979196510258783459e-02
1.000000000000000000e+00
-1.000000000000000000e+00
7.051074338656700968e-01
-4.421242465879247074e-01
-1.000000000000000000e+00
-1.000000000000000000e+00
-2.265920389023644566e-01
-1.000000000000000000e+00
-3.286372059555201508e-01
-5.539482044088803736e-01
9.239947029728177164e-01
-8.707175234779001016e-01
7.742378737380973819e-01
-2.608121836048643560e-01
-2.424100444865775195e-01
1.000000000000000000e+00
-3.474944395014207821e-01
8.598883478024501592e-01
8.727736105430180524e-01
-2.127405230604771658e-01
-7.897161760173354583e-01
1.000000000000000000e+00
-2.535214966229749067e-01
2.546249645149527008e-01
1.000000000000000000e+00
1.000000000000000000e+00
1.000000000000000000e+00
-2.889220959352596374e-01
7.887067513238050775e-01
-2.814377690781030283e-01
3.923600940199514775e-02
1.729457431302021120e-01
-1.000000000000000000e+00
-4.994341190103367967e-01
4.299937276065005642e-01
4.028478462174313324e-02
-3.516758778008159947e-01
9.105969195929548565e-01
6.933056524380102337e-01
1.065157410497973300e-01
-1.188469304922377123e-01
-3.063112482566410916e-02
1.000000000000000000e+00
7.100079561114703841e-01
1.000000000000000000e+00
-3.176347857889372239e-01
-1.000000000000000000e+00
-1.000000000000000000e+00
8.156144230259514405e-01
-2.989672115965069654e-03
-4.571265659014047689e-01
6.693605865526208731e-01
7.116613441975589982e-01
9.238578679879441147e-01
5.368238676944089294e-01
4.288265763281954857e-01
-5.414496200842912055e-01
-2.178617893078410583e-01
9.241613700459152536e-01
3.402436563145566639e-01
-1.000000000000000000e+00
2.022496721699037769e-01
4.214431949537693622e-01
1.000000000000000000e+00
-1.000000000000000000e+00
-6.107154381635397922e-01
2.003499447840262349e-02
4.103452456544947613e-01
8.254746880369281392e-01
-8.264789828914675951e-01
-7.505897591676695679e-01
-9.666662821290619156e-01
-8.593769646662201556e-01
-2.394848681305764004e-01
1.000000000000000000e+00
-1.000000000000000000e+00
1.945658640300612918e-01
-2.603930743444234919e-01
1.000000000000000000e+00
-8.325613449089068752e-01
8.287559228790926102e-01
9.208273996346232337e-01
1.896870119612681926e-01
-1.539919159588503672e-01
3.650325249035395458e-01
4.174639804855296843e-01
6.371532408000440961e-01
-1.838060210430270680e-01
-5.553710547771216754e-01
-2.650646818277573313e-01
-1.254201342631093286e-01
2.488819439795747768e-01
2.936000628435919690e-01
3.235991000837189491e-01
3.529740676503977381e-01
2.557920097426307215e-01
-1.000000000000000000e+00
1.000000000000000000e+00
-1.356768962305490156e-01
-2.016504144901077877e-01
-8.692819255511275989e-01
-2.293210084872220333e-01
9.957288160484687456e-01
-6.474993072697122765e-01
-4.840973360528965652e-01
-3.674192856583622935e-01
-6.374458824502577947e-01
-1.000000000000000000e+00
1.176822704465813052e-03
2.308752376608776136e-02
5.392329737769548936e-01
3.121994796416756035e-01
-3.183647277451661095e-01
-1.000000000000000000e+00
-7.651596038149299783e-01
-2.390513653621257895e-01
-2.704437380556479753e-01
-3.152335051580847924e-01
-4.793375644582272832e-01
3.650411704781407196e-01
2.766365182909736320e-01
7.220399391028039515e-01
1.382919483156450080e-01
9.411332545259529780e-01
1.000000000000000000e+00
1.000000000000000000e+00
1.000000000000000000e+00
-1.000000000000000000e+00
5.585792871809374116e-01
-7.102132283706452665e-01
-1.000000000000000000e+00
-1.000000000000000000e+00
-4.608480909818048477e-01
6.806922531983850000e-01
1.848883124776669051e-01
-3.669550796243439827e-01
1.000000000000000000e+00
9.748824754521232538e-01
2.064391652449298620e-01
1.318870314654372322e-01
5.643459157433655671e-01
-1.248850975589890500e-01
2.295777090473338500e-01
5.532314171056624819e-01
1.000000000000000000e+00
-2.422412717177849228e-01
5.702990765119251293e-01
1.000000000000000000e+00
-7.704855904627172514e-02
4.397427527419524029e-01
-3.423514280135913079e-01
-1.000000000000000000e+00
-2.050971083303533560e-02
-1.000000000000000000e+00
5.335653218978215762e-01
9.566925967840540501e-01
1.000000000000000000e+00
4.476340416783948783e-01
1.000000000000000000e+00
7.148477333008929069e-01
-5.835294131392874117e-01
-4.643555640611642943e-01
9.820733858902125357e-01
-2.696209615176626273e-01
-4.874926592896313138e-01
-1.016308605983991947e-01
-7.577285115861784881e-01
5.378441755850023043e-01
-6.864225469405897950e-01
2.152181317207635391e-01
-1.000000000000000000e+00
2.851318362906615222e-01
1.002454854967889109e-01
-2.845469965672871027e-01
2.500007046316772286e-01
-1.000000000000000000e+00
3.994994970173346704e-01
1.990293760335802853e-01
6.366971481946070988e-01
9.406759283194039423e-01
-1.717689227742062730e-01
-7.979180696439813758e-01
1.005326989994495407e-01
-1.694275782000381758e-01
-6.935924038571170125e-02
