-7.781143448193326151e-01
-1.000000000000000000e+00
2.942524526052204270e-01
1.000000000000000000e+00
-7.237253243834194105e-01
1.771279228757602908e-01
-1.000000000000000000e+00
-3.270212531486694774e-01
5.641129435377127965e-01
-1.000000000000000000e+00
4.568563139053151700e-01
-4.726152043816769233e-01
-4.046259593206090188e-01
-1.123992772806536311e-01
-4.047366619436837398e-02
-1.000000000000000000e+00
6.251447476118665580e-01
-3.887331512984721904e-01
-2.798415865120317259e-01
-6.996962723579853716e-01
2.183479967882184791e-01
-3.398506540476731175e-01
4.577139174064196459e-01
-8.846166092660685543e-01
4.984403356873273738e-02
-6.611284649929535240e-01
4.525316263208501999e-01
-1.000000000000000000e+00
7.550750039720689477e-01
4.992949460578209320e-01
-1.995604922859629815e-01
8.184353607023944210e-01
1.000000000000000000e+00
1.000000000000000000e+00
2.912238603636237988e-01
1.000000000000000000e+00
9.663585449302323216e-01
2.462948890694007797e-01
9.328269974802061437e-02
1.000000000000000000e+00
-5.514217142921824522e-01
-4.174897431111601609e-01
-2.281385963787829763e-02
9.748876410762041811e-01
-9.020123602323577572e-01
1.928076581707675874e-02
7.269640806195799554e-01
-7.658110735397466451e-01
-3.830743781489158728e-01
5.063829425969699205e-01
4.581260872414782415e-01
-1.171405649469421939e-01
-5.571665476492231317e-01
-2.392284472147772068e-01
-1.000000000000000000e+00
1.137907127346209357e-01
1.000000000000000000e+00
3.457392830578771559e-01
-8.044623234299382863e-01
-2.917315053158495708e-01
-2.695394236220813866e-01
4.962876898472693421e-01
-1.000000000000000000e+00
5.413764194527728169e-01
-1.000000000000000000e+00
-1.086186593224240660e-01
-1.704710188397711157e-01
6.066580039235569544e-01
-8.931656813403575645e-01
2.146793878742341843e-01
4.363281271042465659e-02
-1.000000000000000000e+00
7.837913693707411200e-01
6.075821623963320595e-02
-1.000000000000000000e+00
-1.000000000000000000e+00
2.580425595979400355e-01
4.618300025613939486e-01
-9.541626289356582857e-01
-4.152215850169594935e-01
4.325051103271171371e-02
1.669194631750922364e-01
-1.669524311967026109e-01
-2.349342057485137025e-01
3.185653895269191516e-01
2.076079557568150658e-01
-2.547696761084017325e-03
-6.942749841689241919e-01
2.988244544118758284e-01
2.334898815633287272e-01
-4.133050421083026005e-02
4.828010001849041277e-01
-6.277400011101574862e-01
-8.470535447919804728e-01
8.088971583765349749e-01
1.000000000000000000e+00
-1.000000000000000000e+00
-4.012751196873320936e-01
8.381071586181871869e-01
-4.269751257277973333e-01
-1.000000000000000000e+00
7.927012067997805111e-01
6.097373227895983572e-01
6.301033601070168966e-02
-5.853671487795644168e-01
5.882410309304783591e-02
-2.462755190483751078e-01
8.906127976431796323e-02
-8.090349063138566610e-01
-1.355900406383373780e-01
-3.383170221953384349e-01
1.000000000000000000e+00
-2.291425048414206245e-01
1.000000000000000000e+00
1.519545391967376258e-01
9.120087237523571977e-01
1.747401718505157686e-01
-7.262924780726285334e-01
4.108565037020804334e-01
-4.386829015610567151e-01
2.715160554045176755e-01
-4.966107826986251861e-02
-3.446420553297452893e-01
-1.000000000000000000e+00
-1.000000000000000000e+00
-4.451041387396106330e-01
-2.615267953143097790e-01
-5.423232540245175315e-01
2.699299039730714833e-01
6.450165190736687482e-01
-4.075940235468089035e-01
-9.573318859711442697e-01
5.027909353615424015e-01
4.915653624919286147e-01
-1.161853006317236786e-01
8.331072730190423048e-01
-7.360288599290687461e-01
3.893549975101123217e-01
9.879978473167164710e-01
3.315965171298728142e-01
1.543146560213245755e-01
1.000000000000000000e+00
-1.340668683981450782e-01
4.061474470966804085e-02
1.000000000000000000e+00
-2.450554308720813423e-01
-1.907012530099629899e-01
-9.350108038524996834e-01
-2.817268418996188295e-02
-7.216904686558096582e-01
-9.230928385652515944e-01
-3.245534991652592183e-01
-1.398779552573368723e-01
-1.000000000000000000e+00
-6.901581020381446496e-01
1.000000000000000000e+00
-1.063254064498002222e-01
-9.423648722348507700e-01
7.084597172881768046e-01
-5.632165568144392731e-01
-3.947366837730956757e-01
2.510120610306595390e-01
7.262299054315591862e-01
-7.984202390333072774e-01
-4.837640651144358150e-01
-5.460733518262284036e-02
5.165073612194328589e-01
1.587498042586004549e-02
2.891779826990181768e-02
1.000000000000000000e+00
8.946064638404381819e-01
8.813997218389204580e-01
1.000000000000000000e+00
7.696508714322436440e-01
7.787765342917828404e-01
1.484036979165767045e-01
5.445995027330974292e-01
-6.592693647299002757e-01
-4.520051951267452517e-01
1.000000000000000000e+00
6.431226711427758813e-01
4.512739401339828094e-01
-4.496140964134176521e-01
4.663538602282121803e-01
1.000000000000000000e+00
-1.000000000000000000e+00
-8.456646101758172884e-01
1.000000000000000000e+00
-9.361489749260802906e-01
-4.666508452297949416e-01
-3.490475912008832449e-01
1.000000000000000000e+00
8.111763437642515173e-01
8.763016427477025028e-01
3.950127618917356753e-02
1.000000000000000000e+00
-2.143233538885583600e-01
1.000000000000000000e+00
-9.534516978910129170e-01
4.256200856266043053e-01
7.883566057462254584e-01
-1.000000000000000000e+00
-1.353731379229764498e-01
-1.000000000000000000e+00
7.833832138475221862e-01
6.251173678357679897e-02
-8.886431896516033824e-02
6.675770499088794496e-01
7.911249610087411899e-01
-2.012915439387032990e-01
-6.537128424293767170e-02
-5.636139617884406983e-01
2.289465917979621179e-01
1.000000000000000000e+00
8.208711593007864682e-01
-7.777189815763237979e-01
-3.722727451732461001e-01
-7.476497780922101155e-01
-2.814601522747183643e-02
-2.621127512476717492e-01
4.565933259909470410e-01
1.000000000000000000e+00
1.000000000000000000e+00
5.743565711182868627e-01
-1.000000000000000000e+00
-1.000000000000000000e+00
8.480684488863959869e-01
1.000000000000000000e+00
-9.699941667541722712e-02
1.000000000000000000e+00
-1.000000000000000000e+00
-4.207991317257619990e-01
5.163165158553097989e-01
-1.000000000000000000e+00
1.000000000000000000e+00
-1.000000000000000000e+00
3.469402369442218248e-01
3.781655705124105094e-01
7.948737373205793100e-01
-6.141569722509262474e-01
-1.000000000000000000e+00
-1.948033269843121029e-01
1.000000000000000000e+00
1.000000000000000000e+00
7.389538631666897617e-01
1.586845819247222622e-01
-1.000000000000000000e+00
8.728002791222141399e-01
6.935515367872563397e-01
9.159867868847660910e-01
-6.346374214091127230e-01
-1.000000000000000000e+00
-6.942561906474709055e-02
-9.306760171388514524e-02
6.526319506022184580e-01
5.226915271845147815e-02
1.000000000000000000e+00
-1.000000000000000000e+00
-3.484792103348137715e-01
1.686805213261595715e-01
1.000000000000000000e+00
-2.212702202699506904e-01
1.000000000000000000e+00
5.025254481656491468e-01
-4.763406440907160255e-01
