-7.187314762317038586e-01
-1.000000000000000000e+00
1.000000000000000000e+00
-3.667031073561692334e-01
-3.296156454572889416e-01
-8.031080988481790195e-01
1.813171765367966870e-01
-1.263205669538768339e-01
6.425046774531502081e-01
-7.606763565475764821e-01
-4.790822693314455982e-02
-1.000000000000000000e+00
1.000000000000000000e+00
9.067284618125649454e-01
8.640657463157097595e-02
-9.096553172361931949e-01
-7.802199413523356331e-01
-9.110266928625726512e-02
1.816163688607482507e-01
-6.040533692540939192e-02
-1.000000000000000000e+00
-1.281780266773841215e-01
5.891222034188317025e-01
6.257738788131570473e-01
-8.287641929950966269e-01
-8.155919589411182447e-01
-4.962461313691886033e-01
9.879552996660601050e-01
1.000000000000000000e+00
-1.000000000000000000e+00
-1.022025143849436685e-01
9.815232339586785759e-01
1.000000000000000000e+00
2.288746049950113048e-01
-4.368185302790867919e-01
1.000000000000000000e+00
-1.000000000000000000e+00
4.005811943477685655e-01
-1.967209197389445385e-01
-4.260519024975182312e-01
7.271304749267921974e-02
-5.301722101105814655e-01
5.334839679021474712e-01
-7.084871828833412266e-01
-5.708721010271734508e-01
5.205841666220554220e-01
4.095907230723105918e-01
-3.669857843234353711e-01
1.000000000000000000e+00
9.593988575066383917e-02
8.535615851134202847e-01
1.335867483406004141e-01
4.127823353479732615e-01
-8.698800236457492341e-01
4.889983589728668090e-01
2.565281109995422026e-01
1.339225474332936816e-01
-3.984567715863201465e-01
5.047869789620196279e-02
1.000000000000000000e+00
3.232039113489189042e-01
5.264013772727421658e-01
6.846223348900821737e-01
9.101853548625906676e-01
-2.010689950524660041e-01
1.000000000000000000e+00
-1.801295395994045312e-01
-1.000000000000000000e+00
2.494556423413265556e-01
-1.000000000000000000e+00
-2.738978120758814860e-01
8.894160408194952128e-01
3.366996575588464546e-01
8.382497034755695964e-01
2.633591549356056882e-02
-7.116438297809417612e-01
4.551555460467331948e-01
7.908584009417174432e-01
-3.786225842287511689e-01
-3.992642293513507523e-01
-2.852621438709329604e-01
1.034006510524129452e-01
-8.005286452868406455e-01
-1.095471988674438929e-01
7.797728789697635499e-01
1.632706160690265973e-01
3.677958492311508287e-01
-8.646588070090985845e-01
1.885357935489554160e-01
-8.942088646669321683e-01
-1.000000000000000000e+00
-2.389219549116830543e-01
7.286307768089766990e-01
7.252671586698538064e-01
3.990042377888322056e-01
8.661990121934134423e-01
-1.000000000000000000e+00
9.237606044070423295e-01
-7.893628825352364542e-01
-1.000000000000000000e+00
1.000000000000000000e+00
-1.000000000000000000e+00
-6.459788505572862105e-01
-6.714931859706954054e-01
1.000000000000000000e+00
8.590070180579622017e-01
1.194409855363107453e-01
-1.000000000000000000e+00
-2.989571456639600333e-02
-7.586874469755265915e-01
-2.291271810499885264e-01
6.640956380930673753e-02
-4.738576192488669347e-02
6.022004162337710187e-02
4.800352014912352416e-01
-1.000000000000000000e+00
5.445941960076292609e-01
3.737031038982464026e-01
2.027253596785717760e-01
9.719965280346110070e-01
1.000000000000000000e+00
-1.399648583795272683e-01
3.070713762171719749e-02
6.013401696369332639e-01
-8.760475408380230533e-01
-1.000000000000000000e+00
-1.242450652191254834e-01
1.000000000000000000e+00
9.278416697507834154e-01
1.000000000000000000e+00
-3.910905546256314702e-01
4.448862274579771237e-01
2.990648391833453656e-01
2.002997611904736019e-01
-4.848965774809012586e-01
-2.455865939240076123e-02
2.766828939957726163e-01
5.542021401902872402e-01
-6.595635484973629836e-01
-3.535320577711038581e-01
7.697120993206831852e-01
6.647184924632829617e-01
-5.723879628451580270e-01
5.204485405875688420e-01
1.000000000000000000e+00
-9.026202778638207080e-01
-4.491577265704377320e-01
3.963126787168647081e-01
-3.245903107832568413e-01
5.834026430245158323e-01
2.813826984947308540e-01
-8.061237766144502270e-01
3.158139859145846495e-01
-1.000000000000000000e+00
-7.152068157758564304e-01
1.013103667425187537e-01
-9.250535482173918300e-01
-4.101842298868336734e-01
-1.000000000000000000e+00
4.878314592483471990e-01
-4.204130517170433234e-02
-7.785083423187798557e-01
-1.280635748351493242e-01
-8.225446055974044990e-02
-2.016599144613623676e-02
-7.909132514432775096e-01
4.104960195421158975e-02
-4.004141043546852186e-01
-1.000000000000000000e+00
2.952643481540258574e-01
-3.816440570573001456e-02
-6.882067703871869169e-03
-9.489973479178653859e-01
-6.777614155812767827e-01
-6.537902285427807936e-01
-1.760962313649412359e-01
1.000000000000000000e+00
8.983833937905072453e-02
-1.188899129381942310e-01
5.086612458698859252e-01
1.000000000000000000e+00
8.862869151512011712e-01
-1.473342629451211971e-01
4.091113335117343985e-02
5.722108779311186888e-01
5.836765617903280079e-01
-7.442294145844976505e-01
6.873356045516009205e-01
-5.146178361734236040e-01
1.000000000000000000e+00
5.490052534000506856e-01
1.000000000000000000e+00
-6.529170871234650786e-01
1.000000000000000000e+00
-3.869697029683093481e-01
-2.943559876914408346e-01
5.349980096261333085e-01
6.960667550906206591e-01
-2.064947835552624067e-01
-4.742569148640274346e-02
-3.610787679271559858e-01
-2.719016923023321874e-01
-8.501153731648278811e-01
8.665014412672478183e-01
-1.907962702307154923e-01
1.000000000000000000e+00
-1.000000000000000000e+00
-3.216064100528184255e-01
-1.000000000000000000e+00
5.592261003538074871e-01
7.130656945854163542e-01
2.870430301574904419e-01
5.041926711880976297e-01
9.528324153959909504e-01
-2.708588897614211399e-01
-6.387532506088406947e-01
-5.791141344219651321e-01
-9.306922953272400711e-01
1.000000000000000000e+00
4.055419352142657918e-01
-8.154609302357916922e-01
-1.000000000000000000e+00
2.859885824435756119e-01
1.000000000000000000e+00
1.239306710793177668e-01
-5.335889417795696144e-01
5.162144621337967365e-01
1.000000000000000000e+00
3.864984128111638162e-01
3.588105337681294499e-02
-6.750954798495185649e-01
4.104901973477146360e-01
4.991569215877266208e-01
-7.608759936968276794e-01
-7.837310855789972330e-02
1.000000000000000000e+00
9.355594740897951733e-02
3.677721671004640092e-01
5.156932582566027268e-01
-8.585076508304917420e-02
-2.382698121935080682e-01
-2.101662199566056433e-01
5.226060565607602015e-01
-5.785787555203614207e-01
3.787974587629291401e-01
-5.409230972077354593e-01
-7.833132472820963921e-01
4.999496940692521041e-01
-5.807621193421673711e-01
8.301705137032844295e-02
5.669073034516169951e-01
5.045857741470132218e-01
1.000000000000000000e+00
-6.788544697715622744e-01
9.780669585886277995e-01
-1.070043334576201710e-01
-7.940796040047516380e-01
-1.000000000000000000e+00
1.000000000000000000e+00
4.931591726538004927e-01
5.974912488914163600e-01
1.000000000000000000e+00
1.000000000000000000e+00
-1.000000000000000000e+00
4.568245949213576296e-01
