-7.944753514568405617e-01
2.383824668320135842e-01
-1.447911549527103325e-01
5.593290324946635916e-01
5.321899441734363467e-01
-1.733876037289761030e-01
5.008480265584678293e-01
-5.152047535594770356e-01
-7.206360329483685323e-01
8.689475199355611856e-02
1.544443822226109209e-01
-9.720966769089254278e-01
5.171869966029263299e-01
7.218468854394233247e-02
-2.431484251957232168e-01
9.680955230440946302e-02
-9.814740709832066035e-01
-3.799405766437875531e-01
-4.146642086414891182e-01
7.083665820379163591e-01
-4.814462768935912074e-02
4.396010429302412703e-01
-1.973896495386728844e-02
6.310530487567629354e-01
-8.869272988083247711e-01
-6.762199159361685918e-01
7.865921410194951502e-01
3.037852196623056500e-01
4.258200407813401700e-01
-6.412297760277541059e-01
-7.929940154994832291e-01
2.027863687903828094e-01
-7.182937745919719674e-01
-8.532403220559858781e-01
-5.514110989109599625e-01
5.773209154086924588e-01
9.575917375280453836e-01
-4.574885583502157349e-01
4.074012292964310777e-01
-6.834942763301770086e-01
-8.593302236744295719e-01
2.707133680720608115e-01
2.691624309591602593e-01
-5.045083609930633983e-02
5.477432383107541103e-01
1.887036909034482957e-01
9.667464783464470024e-01
8.197793654701279742e-02
-7.962749290504116395e-01
5.269540196425601675e-01
-4.108213071530424365e-01
-1.756641609959757044e-01
-6.426834340717051397e-01
9.637509724811124112e-01
6.604436058078746452e-01
-4.537634035015618572e-01
2.660912423458956511e-01
7.991063515876890566e-01
5.203485017686153569e-01
2.050783831083191622e-02
6.763559042974420787e-01
-6.990171884481255482e-01
5.199122289404014552e-01
5.164021183234202006e-02
2.770157671731285909e-01
-8.808447822325053966e-01
3.606153328739005737e-01
-1.344462984509589010e-01
-1.313272363259883058e-01
7.334001603048467821e-01
7.798855672178810483e-01
-3.355233336522820409e-01
-2.658467951827196973e-01
9.919699370343120215e-01
-3.673658899207008499e-01
-4.422333491375489700e-01
-6.588665591555324941e-01
1.795903647777121748e-01
-3.499709714624110735e-01
-5.989026530746599519e-01
-2.561115724149178874e-01
-7.928181143112320584e-01
7.452454900378033820e-01
-3.326467060257680686e-01
5.793344321430058397e-01
8.723422652399519528e-01
4.573340576060513918e-01
2.355288497894774125e-01
2.030855974540468623e-01
-5.668328275391554261e-01
9.543978294291397546e-01
-4.568460907548181904e-01
2.785705927821846561e-01
-8.445394247121094100e-01
-2.301785546798373883e-01
-5.635814438407884541e-01
2.312856689808697741e-01
8.138743995196373593e-01
7.422426816457048382e-01
-3.388982419178045991e-01
-8.207293946915166227e-01
-2.670904007797618718e-01
2.940223437203481893e-01
-3.883640582388527829e-01
-9.330478877300070195e-01
-3.443710814091631711e-01
-2.137099114789964283e-01
-2.709631673414740760e-01
-1.880919977827486544e-01
-8.118596961892783348e-01
-9.170076387893866254e-02
-9.242582831307546432e-01
-8.680033206561674763e-01
-4.323992939117387024e-01
-3.515567264427281735e-01
6.350698126314573422e-01
6.402134934001944000e-01
1.087418687254004812e-01
-3.893199538594043219e-01
-1.113061831406478852e-01
-2.802044121502043073e-01
4.026506851234976647e-01
5.024280339774571669e-01
-9.512381205178126464e-01
-2.086375067685966034e-01
7.249912367156663429e-02
1.152435248565788495e-01
4.491991078630874767e-01
7.900754932315821044e-01
-5.839629496765224026e-01
-3.923642832731548680e-01
-2.442844462631124092e-01
8.714060388103705979e-01
6.008829745141235357e-01
6.943204782717060652e-02
5.329590924279048458e-02
-2.658889363689467267e-01
8.479337510454580951e-01
5.542299776398236233e-01
5.928240394468486940e-02
-1.626934943019049395e-01
-8.404733277969274052e-01
-5.164277928399181317e-01
1.843614139799421014e-01
9.000665172854722673e-01
8.869117108673838512e-01
-5.333204316714215132e-01
2.760033224371871707e-01
3.322612777803461981e-01
8.027336890237091183e-02
7.854522006546016399e-03
6.799084187556860837e-01
-4.928808549705447906e-01
1.371990766782655857e-01
9.616627524484169243e-01
-1.075626095356068124e-01
8.107132960795133680e-01
-5.887997014367598592e-01
3.017281068596473492e-01
1.594588428095145005e-01
-8.192410958580276237e-01
4.085812507173747221e-02
7.997956067973239769e-01
2.753595549316343316e-01
7.581703750072463777e-01
-4.609906688832601240e-01
8.784676361392387278e-01
9.839611406381065795e-01
4.168471124763877267e-01
3.611416607396069622e-01
-7.267755354952509794e-01
3.476931842932449168e-01
-6.612109619989401388e-01
4.843250897179058878e-01
1.500528475641667026e-01
-8.822235447411743703e-01
9.883310961017852669e-01
-7.579214680326662457e-01
-6.926120479252089179e-01
6.512284069478695425e-01
3.109145030220337169e-01
-2.401472481616537813e-01
9.919839601588902323e-01
-1.989490993826348308e-02
4.049568560545346863e-02
1.507796254719062645e-02
1.964588214266058674e-01
7.802890880683741592e-01
-7.882068057225037894e-01
-4.678603818229074562e-01
-8.286302921492805229e-01
-9.925413266295013415e-02
3.670343739046055820e-01
-8.081969734780185544e-01
7.118516210028014157e-02
7.013488875912863296e-01
4.437897719488588244e-01
-3.005718217539901094e-01
6.873827659830891168e-01
1.309717925459781274e-01
7.714616304093253607e-01
2.910104430129127895e-01
1.938514062454144149e-01
3.820439821051784257e-01
8.382563248415693113e-01
-9.264854842773848631e-01
4.014052655421229687e-02
8.475640438889702200e-01
-7.996870405308715846e-01
2.488975114537332889e-01
3.240072217824194745e-01
-7.575469836431305559e-01
-1.192308877405197087e-01
-1.521479923774318177e-01
2.606112234732487209e-01
9.411620824782260808e-01
-5.783016894596835211e-01
-5.746243885976285437e-01
-5.604942191025048537e-01
7.368902932950782692e-01
8.842076315209022042e-01
-5.487085950352836861e-01
5.100863929009877840e-01
9.185918137761566182e-01
6.083085108592665158e-01
-6.690555721652871046e-01
-4.798897303368538925e-01
-3.274034892822073051e-01
-5.435175695435745524e-02
-9.405465002900552651e-01
-5.585699939137667158e-02
-8.959585929677513771e-01
9.334811308894661597e-01
8.925927484171083393e-01
9.370929856576808437e-01
1.649516954714906891e-01
9.241114190385271154e-01
-4.332907057779504800e-01
-2.947991637562556999e-01
8.720210815045648101e-01
8.946865259261347347e-01
-7.965681673972022647e-01
2.243872224721499276e-01
1.264157591218766363e-01
-5.723010172841056509e-01
-6.934481670168970435e-01
6.382126039514735005e-01
-1.864089636930292837e-01
7.917681783914232163e-01
-5.111547743030606661e-01
-2.186038203367217658e-01
3.636717248745027220e-01
-6.619371774745743675e-01
-1.952531318204331345e-01
-9.074908135489483385e-01
3.463724247779365051e-02
7.812484861240087675e-01
-5.386158885105276628e-01
-9.601031924815481844e-01
-7.315806416044057237e-01
1.817305755936622358e-01
6.063688579449781901e-01
9.321338732603690058e-01
-1.434898210768287274e-01
-4.208613357468002913e-01
