-8.180645230270435775e-01
-1.000000000000000000e+00
-1.482773555035735852e-03
-1.000000000000000000e+00
3.363652679504305354e-01
-4.949897034677508412e-02
-1.000000000000000000e+00
-1.000000000000000000e+00
-7.311515908363436234e-01
8.531072911288875016e-01
5.607973880369199193e-02
-5.032572671309867296e-01
-5.955287504002715337e-02
-1.000000000000000000e+00
-1.065443811626714254e-01
-1.000000000000000000e+00
5.247439220240443514e-02
1.000000000000000000e+00
-4.870228855595558071e-01
1.000000000000000000e+00
1.613013751189762424e-02
6.722255810460102676e-01
1.000000000000000000e+00
-1.000000000000000000e+00
6.572405447285176727e-01
2.485339155893661889e-01
1.000000000000000000e+00
-3.507036618771017245e-01
-7.631835468664696087e-01
5.619966651853577355e-01
-6.096647350265205212e-02
-1.391058286910507036e-02
9.259486893813553277e-01
-7.319419875416151022e-01
1.000000000000000000e+00
4.728351071647156068e-01
1.000000000000000000e+00
-1.000000000000000000e+00
-4.854105630879723687e-01
-1.000000000000000000e+00
-6.912497867602046542e-01
-1.000000000000000000e+00
-7.844776066612220156e-01
3.149383661269931078e-01
-1.000000000000000000e+00
-6.929560633581774987e-01
-3.056999129746673649e-01
1.540550582826324955e-01
-7.137618174563914453e-01
4.898871689791550743e-01
1.104776024683871150e-01
9.206344842632366854e-01
9.437236549147478559e-01
5.102204485131429657e-01
-8.469951605139687256e-01
7.658016658854487346e-01
-1.000000000000000000e+00
1.009538336890791754e-02
3.029654674741074638e-01
-1.000000000000000000e+00
7.200356604876039235e-01
-2.367312041119211674e-01
-3.411255002730062547e-01
-4.236886136899358779e-01
3.647336776690234261e-01
-4.259474400378451264e-01
-1.828495208178555487e-01
1.000000000000000000e+00
5.873588515154339884e-01
-1.000000000000000000e+00
1.000000000000000000e+00
6.333961749889145398e-01
5.180938017131631046e-01
-1.000000000000000000e+00
-3.653672821289573047e-01
9.241066043953581888e-01
-2.419751320860549226e-01
6.962318176836282957e-01
-1.000000000000000000e+00
-5.889986283160700969e-02
-2.441238266387367184e-01
-2.751086704039410469e-01
-4.966272044977674271e-01
-1.395593191986417292e-01
8.540832772913010684e-01
6.978300266609376301e-01
-1.000000000000000000e+00
-6.723372243163108219e-01
-7.969196458075356038e-01
-1.076265299328653668e-01
3.974384564768831396e-01
-3.243521019877700917e-01
1.000000000000000000e+00
-1.000000000000000000e+00
-8.548387072490282179e-01
-1.770672044684202806e-01
-1.105841245691989300e-01
-4.105353941816513585e-01
5.447740977084959413e-01
1.178009373113190206e-01
9.471525621461516220e-01
2.789472249096430212e-01
1.000000000000000000e+00
1.000000000000000000e+00
-3.691829669966691929e-01
-4.508080474943954030e-01
7.954918064155440671e-01
-5.728022777206237537e-01
-3.541826009563839861e-01
9.038204774190884416e-01
9.623855221160255713e-01
-1.000000000000000000e+00
-1.000000000000000000e+00
-2.310881086673882145e-01
-2.483389009899292788e-01
-9.672425929769451480e-01
1.000000000000000000e+00
8.521462722844541648e-01
-3.254324795222265920e-01
-1.413688592698199575e-01
1.000000000000000000e+00
-2.481762479419377110e-01
-3.017120477128620859e-01
-7.859399410908196604e-01
1.000000000000000000e+00
3.503570315648804612e-02
-4.699553850828056545e-01
-1.000000000000000000e+00
4.613702506457122432e-01
1.000000000000000000e+00
9.870402117921254215e-01
-5.289097161404981984e-01
4.686529524339486108e-01
1.822164058469976089e-01
-8.490044154081692884e-01
1.522494200816661980e-01
7.832113711965685288e-02
8.173492763553866780e-01
1.000000000000000000e+00
1.000000000000000000e+00
-1.000000000000000000e+00
1.000000000000000000e+00
-2.821867187219791462e-01
3.577886813288613244e-01
-4.043467955581778184e-01
-1.000000000000000000e+00
3.201310998703937871e-02
2.869308397051839599e-01
-1.381928572094944796e-01
3.695270391208689276e-01
-2.190721716190545121e-01
7.308847324776088783e-01
6.983300727616694736e-01
-6.474756551243234792e-01
4.907016037926573704e-01
-7.355527455225592259e-01
7.878584922757436715e-01
-1.000000000000000000e+00
-1.501681513199604190e-01
7.147209300687124012e-01
-1.991913787648662559e-01
-1.325900990545828551e-01
6.641194016860911820e-01
1.000000000000000000e+00
7.594760160247219227e-01
-7.885746318528319421e-01
1.000000000000000000e+00
2.623111627915192812e-01
-2.782051708458266881e-01
-1.000000000000000000e+00
-1.215815509162662122e-01
4.167785109626018225e-01
-1.000000000000000000e+00
9.365367990907238482e-01
-7.152338188676123920e-01
-8.822214143376114759e-01
-4.677111047146998990e-01
-3.492952856158075825e-01
-1.000000000000000000e+00
-1.000000000000000000e+00
2.510438596211186368e-01
1.000000000000000000e+00
1.000000000000000000e+00
-4.543286831376673884e-01
-5.224811719579807168e-01
-3.805177563715456124e-01
-1.377876794005184480e-01
1.000000000000000000e+00
-7.126416944251086072e-01
-6.764171508500966823e-01
-1.979838515112022357e-01
7.527697346793842392e-01
1.000000000000000000e+00
1.261015152599488376e-01
-6.571355963165009806e-02
-3.400109438376455184e-01
8.076806001558045622e-02
-1.000000000000000000e+00
1.000000000000000000e+00
-1.000000000000000000e+00
1.000000000000000000e+00
-2.418193274765525480e-01
-9.296498615774415608e-01
4.407781455173166441e-01
1.071370841596527568e-01
6.932974259189281785e-01
3.390135438205632568e-01
4.735013142703643763e-02
1.505614078658349397e-01
-2.053678474665853737e-01
-6.305151423623432949e-01
3.245775394595202812e-01
-1.000000000000000000e+00
-2.917802005232921214e-01
-4.011573653533522243e-01
5.147724430530502548e-01
2.174523660486493704e-02
5.541628127327554720e-01
7.028828582347135256e-01
1.284583763774067577e-01
-2.608277378692961390e-01
-5.600723874333789487e-01
-3.501996541890197712e-01
5.278116696858059509e-01
-4.818923050175705214e-01
-7.173714077809478784e-01
-2.892497974903505131e-01
3.826069105659125613e-01
-4.181457729321760852e-01
9.769129595512604514e-01
-3.270971059705246597e-01
-6.003110394111977888e-01
4.515875450590729479e-01
1.903003962979932240e-03
-7.403997996950157923e-01
5.483256526013458032e-02
4.173831712480002842e-02
3.147251603597279179e-01
9.437966572659650666e-01
9.571256833245571638e-01
2.242726295165953232e-02
-6.228915785496806912e-01
3.122993498268067936e-01
2.115790508818182758e-02
1.000000000000000000e+00
-5.024325082201520631e-01
1.000000000000000000e+00
2.214343101309973749e-01
6.715974144450673755e-01
4.613049204917673007e-01
-1.000000000000000000e+00
-9.147322955879921835e-01
9.637923340675215167e-01
-1.000000000000000000e+00
-6.103505896322708457e-01
2.911105689430172339e-01
-1.000000000000000000e+00
-3.117901645982779080e-02
6.474067874715255799e-01
8.253260894608727138e-01
2.913697386621287855e-01
-5.268325319074961266e-01
-1.339708969706228103e-01
1.319525423272245312e-01
3.605097199773807937e-01
