-7.288969066063268887e-01
3.320949347543855623e-01
-9.343703604813449193e-01
6.253693026225626284e-01
-7.994846839270051131e-01
-1.000000000000000000e+00
1.000000000000000000e+00
1.000000000000000000e+00
-1.000000000000000000e+00
-1.000000000000000000e+00
-9.886533223257645275e-01
3.181133152389864494e-01
-8.618205978951157809e-01
1.000000000000000000e+00
9.931615476854963598e-01
2.794663237594743888e-02
7.108142121673877156e-01
-3.812696672056162805e-01
1.000000000000000000e+00
-3.313458405621088065e-01
-3.644264834088888350e-01
-1.589965079604209741e-01
-1.000000000000000000e+00
3.962708156544323401e-01
-3.315272556115681502e-01
1.000000000000000000e+00
1.000000000000000000e+00
7.659500649963966179e-01
1.043447744207586236e-01
1.676489334993379043e-01
-5.201810969508188220e-01
1.000000000000000000e+00
-1.000000000000000000e+00
8.186380036779228320e-02
2.625932782521598896e-01
9.052929467197532443e-01
-2.625154192783085705e-02
1.000000000000000000e+00
-8.352350115579549872e-01
5.228001587084248891e-01
-1.000000000000000000e+00
-9.888183365514470191e-01
-1.000000000000000000e+00
3.086691699137661948e-01
-6.201295813469273055e-01
1.554852648012660377e-01
8.414817263375224954e-01
2.705747760071846031e-01
1.000000000000000000e+00
5.212762546882137027e-01
1.916599883287507522e-01
1.000000000000000000e+00
-4.833313531101782745e-01
8.090743518521557043e-01
6.050739214347622408e-03
-5.901215713644556438e-01
-1.000000000000000000e+00
-2.257173052687553860e-01
-6.779826172746763469e-01
-8.258775752198955766e-01
-2.712989173068758308e-02
-1.000000000000000000e+00
3.200430565765191027e-01
-4.172154641395087182e-01
6.259045052412520738e-01
1.000000000000000000e+00
9.488910611002476791e-02
1.000000000000000000e+00
-5.595675565781609295e-01
2.185040552249386259e-01
4.062378619555390147e-01
5.369106266040324371e-02
8.055971885480611716e-01
-6.729975948296428312e-01
-5.600098373781755567e-01
-1.000000000000000000e+00
2.617222164945519625e-01
-6.000016443489572526e-02
4.867055498812983272e-01
-8.804235863381085769e-01
-1.305930584122810822e-02
-1.838925983085277216e-01
3.324239796734136942e-01
-8.370741325874397898e-01
-1.000000000000000000e+00
-4.616600594414577152e-02
2.143540760312223625e-02
-1.000000000000000000e+00
-1.000000000000000000e+00
-1.000000000000000000e+00
3.242454529943941122e-01
-1.946917298560483234e-01
-1.000000000000000000e+00
-4.477577486293225772e-02
-6.561835949610750340e-02
5.256649771467548637e-01
-1.000000000000000000e+00
1.340152835285582378e-01
1.000000000000000000e+00
-1.000000000000000000e+00
-1.761917815079967475e-01
1.000000000000000000e+00
-6.640749703348869382e-02
9.341159364662303677e-01
1.000000000000000000e+00
-1.443236699820114599e-01
-5.671679605353753262e-01
8.471919326142727247e-01
-1.000000000000000000e+00
-4.384894069099363190e-01
1.320377914027348609e-01
-4.128886907844023790e-01
-6.713876265959566325e-01
-1.000000000000000000e+00
1.724094424405226977e-01
9.326557919828819543e-01
-2.680039380318385289e-01
-7.825600334736728669e-01
1.000000000000000000e+00
-2.652712131165615439e-01
1.000000000000000000e+00
-1.572365161979456527e-01
-7.965246847684621656e-01
1.000000000000000000e+00
-9.822590166752673824e-01
6.043062108871828375e-01
9.893763137505375838e-01
-1.000000000000000000e+00
3.590015210534391876e-02
-9.232235305139001591e-01
1.000000000000000000e+00
9.114277587896357780e-02
-5.832445888330377581e-01
-2.330613219355892884e-01
1.376220742194795843e-01
-9.512872014596829295e-03
-4.502273971420729382e-01
-7.856161005392163776e-01
-1.000000000000000000e+00
-2.171572487414143438e-01
2.345739665236271643e-01
-1.000000000000000000e+00
-2.322658761389982951e-01
4.636610337130696591e-01
-5.568061052112518450e-01
2.237082957978041575e-01
-1.000000000000000000e+00
8.250608456945474067e-02
2.769485647727980560e-01
7.608292705623133090e-01
-9.554257034185318354e-01
7.457799012751116230e-01
4.161315821330927034e-01
1.814324578255230858e-01
3.831706909486402024e-01
-5.320634100176673265e-01
-7.647899046093487030e-02
5.276658070890789531e-01
-5.779586232614877250e-01
-1.000000000000000000e+00
2.806800696320403965e-01
3.528003388076500491e-01
-4.391309525339504027e-02
-1.694287384532133789e-01
-3.073510540724028184e-01
-1.536556652784087651e-01
1.801735101631970482e-01
4.966873598991654315e-02
1.000000000000000000e+00
2.262747941294305509e-01
3.914259755745361780e-01
-1.000000000000000000e+00
1.000000000000000000e+00
1.000000000000000000e+00
-2.790873790476796623e-01
5.959995752562849969e-01
-1.000000000000000000e+00
-1.562240152820431605e-01
-9.342411529646038604e-01
-1.706426713303314524e-01
3.878070617625447580e-01
-1.000000000000000000e+00
-9.574954391102175055e-01
5.666126352475342465e-01
8.563348508658994440e-01
2.268910704320981075e-01
2.608352168922943304e-01
-1.000000000000000000e+00
1.958184328336425306e-01
1.469824718607457836e-01
1.000000000000000000e+00
-1.000000000000000000e+00
-6.781325195879979173e-01
1.000000000000000000e+00
-9.124382688915588790e-01
-9.703933046357228198e-01
-1.263557446829909336e-01
3.071212452984622976e-01
1.232088682561303106e-01
4.425585246674743067e-01
7.395486439750144081e-01
-2.413528997933819253e-01
-4.224169953613825523e-01
4.511525844134363084e-01
-5.749451473279178215e-02
-1.000000000000000000e+00
-2.207349079689366889e-01
3.434938554030148028e-01
2.860755999540176564e-01
-3.221656534066121846e-01
-1.000000000000000000e+00
-5.870157120328856060e-02
-6.002739338334132091e-01
7.536348708375051331e-01
-5.957853558061944055e-01
-4.806497165497612967e-01
-3.615904689543575357e-01
5.366933878374638978e-01
1.000000000000000000e+00
3.420033497190537730e-01
2.496184645650849077e-01
-8.179971216254224853e-01
-3.230443812314628405e-01
-9.531320899870193708e-02
7.268525022323761853e-01
-4.303749400146335558e-01
1.000000000000000000e+00
4.504464635372883441e-01
2.540967493611725470e-01
6.227124011669643577e-01
5.968910268615951198e-01
-6.444165321991570661e-01
-3.434886043286649038e-01
9.072184419262787625e-01
1.000000000000000000e+00
-3.183939397265210247e-01
-1.750832115111606857e-01
1.000000000000000000e+00
-7.021397758169467540e-02
4.692705094844619729e-01
-9.922376811088655657e-01
6.603291671285378417e-01
7.785887712336236888e-02
-1.000000000000000000e+00
1.479117379789750830e-01
-1.000000000000000000e+00
4.053364689427352285e-01
1.000000000000000000e+00
8.429677013580925138e-01
-6.918137728837447931e-01
-4.405653486138102481e-01
8.745067810197654223e-01
5.557804542454690688e-01
7.104780728804570566e-01
9.135395512661887985e-01
3.768288412945680621e-01
-7.449326370234045092e-01
-7.798621690845219945e-01
8.322238895661379643e-02
4.666752107515121928e-01
6.927485771646622048e-01
1.644424420741759651e-01
-6.376956475843168493e-01
2.975736905717387693e-01
-9.936238310281272357e-01
