8.882865265631401108e-01
-1.750661391059853134e-01
2.642228507221739409e-01
-1.000000000000000000e+00
-1.000000000000000000e+00
-5.476637363126161118e-01
7.027515570646629683e-01
3.476213320675757279e-01
2.837063994631739416e-01
-3.678626695467447361e-01
-3.299736984081038660e-01
-1.000000000000000000e+00
7.059241593162235429e-01
-1.000000000000000000e+00
5.172643276106602128e-01
5.914673016039333486e-01
-8.112977948188317967e-01
-4.375563415051330618e-01
-6.563721854413797629e-01
7.285246099967567224e-01
4.342514829005421628e-01
7.288742388141810080e-01
7.298028572760715260e-01
-9.039735973381000100e-01
-1.000000000000000000e+00
-1.660409737838612898e-01
7.455849488777802625e-01
6.138940675168638172e-01
3.832986304574019787e-01
-3.517188295210954552e-01
-6.479636307665779249e-01
6.748125581023811659e-01
5.974543720447755835e-02
-6.997275743961466343e-01
4.277671795875288563e-01
3.148550884538245387e-01
1.000000000000000000e+00
-1.654924822908642595e-02
-1.103711806422315589e-01
3.207314396029954384e-01
1.000000000000000000e+00
1.000000000000000000e+00
4.428168664577070146e-02
3.712886797055590105e-01
-5.090055407771933993e-01
-1.000000000000000000e+00
-1.968100656520574698e-01
5.961593500782484956e-01
-1.000000000000000000e+00
5.721655340579747673e-01
1.000000000000000000e+00
-8.715095081145153300e-01
-1.000000000000000000e+00
1.756920532261433410e-01
3.961511994077627219e-01
4.820185694350599404e-01
3.671363290398542700e-01
7.648175361896565327e-01
-1.000000000000000000e+00
-3.093967200161863440e-01
6.241274263617753171e-01
-1.721234515672560861e-01
-5.409170082236719468e-01
8.381175373577341992e-01
-3.919199733307554556e-01
-1.000000000000000000e+00
-3.238871267131424592e-01
3.867431420357658189e-01
-2.485030970369541681e-01
-4.007356316782845207e-01
7.502468831194462062e-01
1.000000000000000000e+00
-3.441890151667723607e-01
-5.376325558649450720e-01
6.082793319952233269e-01
-8.123116677774836480e-01
6.458889908691142212e-01
-2.493555293744206813e-01
-5.307001222832333776e-01
-2.116978736454214471e-01
-1.000000000000000000e+00
4.853917812822340361e-01
4.624903054919187184e-01
-8.220366769215555758e-01
5.630874894768158612e-01
-2.695723905616560501e-01
-1.000000000000000000e+00
-8.893528233428599217e-01
5.746181152902298805e-01
-6.921558479401551667e-01
-4.557272733949641053e-01
-1.410259437166821728e-01
-2.037893463338972533e-01
-1.000000000000000000e+00
6.005718218872024838e-01
-1.000000000000000000e+00
-6.595412447471052930e-01
3.406993268283192156e-01
-1.000000000000000000e+00
-1.000000000000000000e+00
1.000000000000000000e+00
-4.926510018429988702e-01
4.376648629324051409e-01
-1.000000000000000000e+00
-1.000000000000000000e+00
8.910172755536529543e-01
-1.231527789840886900e-01
5.937880146734078046e-01
-6.996085889331404850e-01
7.266932716271051751e-01
-9.822422302636142355e-01
1.000000000000000000e+00
3.910958690934122073e-01
5.796385010714439900e-01
-4.763308090148837826e-01
-6.449215731952837594e-01
6.251242118506072920e-01
-9.595289442656435019e-01
-8.142729336036961252e-01
-4.837261513523914980e-01
5.049176756251269049e-01
6.681726160751244592e-02
8.447249222816253234e-01
1.000000000000000000e+00
-4.218222817541831260e-01
-1.000000000000000000e+00
5.626084732093754592e-01
-2.697659272623760263e-01
-1.000000000000000000e+00
-1.000000000000000000e+00
8.311338359249709207e-01
7.224872401919957277e-02
-1.000000000000000000e+00
-7.019569614205479757e-01
3.940621112677972215e-01
-1.000000000000000000e+00
-8.525463312842795904e-01
-1.000000000000000000e+00
1.504305885800127918e-01
-2.190523166210959771e-01
-7.009509689402183552e-01
-1.000000000000000000e+00
-5.239793372027488905e-02
1.000000000000000000e+00
7.256028297282773876e-01
-2.395649087774705532e-01
-1.000000000000000000e+00
-1.971365460210814380e-01
1.000000000000000000e+00
2.088021582509471952e-01
1.000000000000000000e+00
-1.540622953832704312e-01
-7.407631699318562024e-02
9.285698100345278760e-01
6.245218831965790862e-01
1.042384191796379422e-01
-1.000000000000000000e+00
-1.341281672317247153e-01
6.960843645697074589e-01
-1.000000000000000000e+00
-6.806202845809263824e-01
-8.171190963876097113e-01
1.000000000000000000e+00
-6.186106569523984744e-01
4.324356720360164608e-01
8.334281371852663156e-01
-5.630818304245891470e-01
-2.463916193007537059e-01
-2.804690597158690513e-01
5.812213528082552649e-01
6.116165352869133987e-01
9.466103884796087664e-01
9.176681403654141089e-02
2.158449598653722767e-01
-5.521525485508937958e-03
3.763645064980913890e-01
5.508015694706986931e-01
-9.791823056745097009e-02
-1.603362825136711578e-01
-9.947065452351978587e-01
1.000000000000000000e+00
4.227648973803027621e-01
-1.798561940948391058e-01
2.832551372563717473e-01
-2.031394741287875505e-01
7.515645698817197129e-02
1.788923384196245969e-01
-4.758278501546145400e-01
5.628429238051524397e-02
-9.223911459974830640e-01
4.083816590972328409e-01
1.000000000000000000e+00
2.377902695078657480e-01
-4.839812200793672803e-01
-1.000000000000000000e+00
7.087417337218691049e-01
-8.708932258416248740e-01
-3.740365807148442190e-02
1.711162436105476137e-01
1.000000000000000000e+00
1.000000000000000000e+00
-1.554371162974468312e-01
7.624458466766590448e-01
-6.788771050944425456e-01
9.330485850142139492e-02
1.000000000000000000e+00
1.000000000000000000e+00
2.815819856450503256e-01
-1.000000000000000000e+00
-4.570938982461525413e-01
-5.258904697678905560e-01
-1.943162300002831966e-01
4.149250805817428778e-01
-2.184758525544014951e-01
1.000000000000000000e+00
-8.339768755482139806e-01
-7.414111752773686614e-01
4.027991181721906067e-01
1.850490902119570902e-01
5.744136772516638123e-01
-6.689403733892480552e-01
3.113804717627063345e-01
-4.298893482347760919e-01
3.476306366403686954e-01
7.531708654912399048e-01
-3.566596831400373202e-01
1.000000000000000000e+00
5.354675611352697207e-01
5.885944084611458571e-01
6.013786895073917893e-02
-7.237378605786861652e-01
1.000000000000000000e+00
2.268075340024585107e-01
-9.417844633634439577e-02
-4.000914266720203560e-01
5.719451736422431765e-01
1.459990077479145221e-02
7.588771135322389672e-01
6.453830089496909173e-01
-7.374509993244007244e-01
2.969592894441193121e-01
-1.000000000000000000e+00
1.705216018493597163e-01
-2.116636832128104828e-02
-1.000000000000000000e+00
-6.535403728773444554e-01
-2.266136519318856513e-02
-2.206959339922094365e-01
2.292258400466761215e-01
8.954394886561396483e-01
-1.000000000000000000e+00
-2.112740834345050445e-01
-5.416066411915505530e-01
-6.979779817142511833e-01
-1.197987612034056570e-01
-7.801918443356634647e-01
7.551007630395056847e-01
-4.921059323760367810e-01
2.886306808606510232e-01
3.716445393459817392e-01
1.000000000000000000e+00
-1.000000000000000000e+00
-3.282183558666677547e-01
3.713093881343779851e-02
2.596429574426436515e-01
