6.405322890001947655e-01
-4.938096677710056559e-01
9.856287419916287540e-01
-3.878471039594932335e-01
-4.544776581854750863e-01
-6.571349860556507938e-01
-9.297906827424934351e-01
5.237880769982998785e-01
-1.000000000000000000e+00
-1.057650807197749732e-01
-3.274415290344021567e-01
-1.253608234867065185e-02
-1.000000000000000000e+00
-1.000000000000000000e+00
-2.733181492778702371e-02
2.698216420245326819e-01
2.634450386972113090e-01
-1.000000000000000000e+00
1.000000000000000000e+00
1.324287369076715959e-01
1.000000000000000000e+00
-6.933818437900420850e-01
-4.653376977289845895e-01
6.219853289514450934e-01
1.950743748336142280e-01
4.774697390729227831e-01
8.400224935015054850e-01
-5.328991530923657960e-01
1.207981705807250616e-01
1.000000000000000000e+00
8.006531224384628720e-01
3.752224123527677646e-01
-2.409113894095915032e-01
1.000000000000000000e+00
5.347244821575647400e-01
-6.292892111948173994e-01
-7.603969665910210729e-01
-1.000000000000000000e+00
-2.836055888964895133e-01
7.840111124339689264e-01
-3.895574772306356626e-02
1.037160310497767246e-01
-3.565167365187420501e-01
-8.902265566164035970e-02
-8.717412783162743484e-01
4.237025052499172606e-01
3.625401388021942672e-02
1.000000000000000000e+00
-5.863400023857754384e-01
4.483267062290003935e-01
-1.481896793165808357e-01
-7.815621883753510746e-01
7.223827257597540408e-01
3.364300463772867400e-01
6.722805457376337390e-01
8.876168262463148828e-01
4.636218952657839565e-01
1.000000000000000000e+00
1.953780202135475819e-01
-9.272946703264046686e-01
8.117470283330323610e-01
3.866260128596865631e-03
-9.183603030325531158e-01
1.000000000000000000e+00
-2.259250579820913374e-01
-7.626931448886486997e-02
-7.268758006753307521e-01
-1.000000000000000000e+00
-4.951480955105199144e-01
8.142435760454289628e-01
1.725922910184232162e-01
-7.102476508628468022e-01
2.003649112146795586e-01
-2.734444083950384741e-01
-1.000000000000000000e+00
-5.664569240954867579e-01
5.844723209602957770e-01
1.399075826091320529e-01
-1.267341875439650378e-01
9.501529320932451395e-01
1.000000000000000000e+00
-9.299772349487331891e-01
3.622503161396864457e-01
-1.000000000000000000e+00
9.045208396495532099e-01
-8.853672745007320488e-01
2.369374369118359691e-01
5.172046061904478353e-02
-7.162786749006192499e-01
1.085394038217095680e-01
1.000000000000000000e+00
1.517879494649990724e-01
-1.796106856083996561e-01
-5.857325521857652539e-01
1.000000000000000000e+00
8.922893657704342729e-01
-7.151619095810609616e-01
-1.000000000000000000e+00
-1.000000000000000000e+00
-8.897210441837444250e-02
-7.264255257442989722e-01
6.540211264366337929e-01
7.314615212577904035e-01
9.732656893106629292e-01
-8.833724331626807702e-01
-1.000000000000000000e+00
-1.008120483844676674e-02
-7.564291543348320435e-01
-1.239183014911913183e-01
1.989933329614446134e-01
-5.214705852226845240e-01
1.000000000000000000e+00
-2.951179866271835817e-01
1.000000000000000000e+00
5.791139744409361523e-01
8.222731561736662531e-01
1.814217880932497695e-01
4.023673389930408906e-01
1.340361205457971105e-01
-4.202819896198313199e-01
-1.000000000000000000e+00
-1.285177836888139469e-01
2.194404482697954184e-01
-8.797887076193866562e-02
1.906010594452506313e-01
1.000000000000000000e+00
3.692400803676814669e-01
2.695027040497380844e-01
-1.000000000000000000e+00
-1.000000000000000000e+00
-9.480815137457905273e-01
-4.982374361562936782e-01
-2.387041667026850722e-01
-2.561506221751893020e-01
8.246223050293028933e-01
-8.954433384579754129e-01
1.000000000000000000e+00
6.249017482617261754e-01
1.042842764824603030e-01
-2.781669195766085512e-01
7.748197656983574211e-01
9.936263434261816130e-01
3.901962040329629566e-01
2.559041577708521809e-01
-3.371633643940014635e-01
-3.741927830763508434e-01
-5.859628543415738022e-01
1.000000000000000000e+00
-8.685600468247622885e-02
-7.126047808109057247e-01
-6.944950573788000181e-01
-9.778762015152486775e-03
-7.384001625707934391e-01
-1.000000000000000000e+00
-1.000000000000000000e+00
-6.439201703236574481e-01
1.133005695365034704e-01
2.554307495369965153e-01
-1.000000000000000000e+00
-1.123763617953878469e-01
-1.809014710274603477e-01
-7.989562944266908051e-01
-1.000000000000000000e+00
7.935376461526808534e-01
-2.967043651956317030e-01
1.839504766978696526e-01
-1.000000000000000000e+00
6.042784217436483196e-01
4.060289805237532468e-02
3.403992068020243456e-01
5.596094803968595377e-01
-1.527525118908322488e-01
-1.000000000000000000e+00
-1.000000000000000000e+00
-1.511876235881165487e-01
-6.903544269312661408e-02
1.000000000000000000e+00
-4.186663920706878983e-01
1.072263572331587228e-01
1.000000000000000000e+00
-4.864736915521965521e-01
2.417148548132658226e-01
3.548576517960936871e-01
-1.000000000000000000e+00
1.000000000000000000e+00
-2.005785097456249388e-01
-9.149434003122758341e-02
5.126616152053937725e-01
1.000000000000000000e+00
-8.106200813917485704e-02
6.546789962849787203e-01
-8.170975957551389612e-01
-1.000000000000000000e+00
-4.290229108446235173e-01
4.285480785289650374e-01
2.428789588820311485e-01
-7.817193823043894207e-01
-1.000000000000000000e+00
2.183743257268946636e-01
-3.812281154660077664e-01
-1.000000000000000000e+00
-5.514909828532441605e-01
-1.056955207695093879e-01
7.635864670248863062e-01
7.317015012543015562e-02
6.057067898803087935e-01
-5.563003544818990731e-01
-1.000000000000000000e+00
-1.000000000000000000e+00
-2.108520181128879789e-01
2.754766709280767056e-01
3.818821821989049070e-01
1.000000000000000000e+00
5.590451961469165010e-01
4.114041447555862874e-01
-1.028451684628088336e-01
-9.732953359004774541e-01
-4.080967321720879726e-02
5.990865904324538249e-02
5.294360180114727754e-01
-1.000000000000000000e+00
-2.460564612299139253e-01
1.000000000000000000e+00
-3.705057976227814631e-01
-4.179897177037882883e-01
7.727792041860078731e-01
-1.000000000000000000e+00
2.016130716178514692e-01
-3.079668798004004393e-01
-3.061510836157355087e-03
-1.007709000207530625e-01
-4.586323820317142475e-01
-4.612387483205491190e-01
9.317666152360785103e-01
-5.063259934288579789e-01
-1.000000000000000000e+00
1.000000000000000000e+00
9.338874367012878208e-01
2.033525228548269670e-01
-4.473534133420639103e-01
3.615434251270197574e-01
3.126095620012752652e-01
7.900428900534055554e-01
-1.000000000000000000e+00
-5.684587082602313712e-01
-1.000000000000000000e+00
1.000000000000000000e+00
4.059349654307697897e-01
7.184060141172711189e-01
1.000000000000000000e+00
4.427190029089446144e-01
1.000000000000000000e+00
9.287329656515508347e-02
1.000000000000000000e+00
4.925596648655423682e-01
1.000000000000000000e+00
-5.452668307929480207e-01
9.840156831359833101e-01
8.520739280834666030e-01
5.471432015102131174e-01
-4.804430570468620765e-02
3.305692084227362937e-01
5.960338991391372909e-02
4.812767414653329467e-01
4.949424207056717373e-01
